-2.81196245512756
-2.81288842229312
-2.81565850423409
 -2.8215472143685
-2.83010587228718
-2.84242015252261
-2.85763920302579
-2.87694696077706
-2.89909295205473
-2.92541595037781
 -2.9542907717299
-2.98721817639296
-3.02227025437586
-3.06107535633175
-3.10151528325295
-3.14528513454304
-3.19020094077076
-3.23795781812068
-3.28641506680819
  -3.337210358044
-3.38832590466589
-3.44130134766566
-3.49429090941674
-3.54871461689501
-3.60292374192723
-3.65821487611347
-3.71314181881447
-3.76889099356102
-3.82420643724453
-3.88018363106219
-3.93571787538809
-3.99183379233688
 -4.0475174819498
 -4.1037027293843
-4.15939801425853
-4.21545101439252
-4.27090688745283
 -4.3264728726567
 -4.3813366893322
-4.43636362989828
-4.49102337480238
-4.54591119020094
-4.60013391518239
-4.65433999079299
-4.70804292733608
-4.76184929471274
-4.81511705247525
-4.86838890912716
-4.92114536235182
-4.97391627042115
-5.02618454595962
-5.07844075305977
-5.13020936945815
-5.18195763539133
-5.23323269584962
-5.28447601130624
-5.33526093748341
-5.38600702352483
-5.43630890957654
-5.48656555286395
-5.53639204378123
-5.58616864273397
-5.63552859998294
-5.68483489773996
-5.73373766609347
-5.78258397255392
-5.83103935027987
-5.87943613001063
-5.92745410846797
-5.97541195190777
-6.02300262524634
-6.07053208693265
-6.11770553260033
-6.16481707853309
-6.21158329097705
-6.25828722524666
-6.30465605476177
-6.35096248272359
-6.39694359590563
-6.44286238940194
-6.48846523782391
-6.53400601513315
-6.57923981471147
-6.62441192542321
-6.66928564195581
-6.71409815890866
-6.75862049954707
-6.80308221456216
-6.84726162325748
-6.89138104657216
-6.93522570299026
-6.97901106522083
 -7.0225288860665
-7.06598814216855
-7.10918678436346
-7.15232761905201
-7.19521448451794
-7.23804431872977
-7.28062656004615
-7.32315255818063
-7.36543708514323
-7.40766616283755
-7.44965964943257
-7.49159848162083
-7.53330737344066
-7.57496240251745
 -7.6163929243189
-7.65777036857791
 -7.6989285318414
-7.74003439358121
-7.78092600428526
 -7.8217660781351
-7.86239674419519
-7.90297662492745
-7.94335176371461
-7.98367685421418
-8.02380169988245
-8.06387721865158
-8.10375682904326
-8.14358781756401
-8.18322708133138
-8.22281841120332
-8.26222205434601
-8.30157843401464
-8.34075102625639
 -8.3798770077583
-8.41882296890451
 -8.4577229541031
-8.49644655975957
-8.53512480637906
-8.57363019391955
-8.61209082138837
-8.65038199529783
-8.68862899024922
-8.72670982743439
-8.76474704920039
-8.80262130395225
-8.84045248942876
-8.87812379839884
-8.91575256706686
-8.95322445367386
-8.99065431211355
-9.02793019121028
-9.06516453770321
-9.10224771954753
-9.13928984818772
-9.17618354257233
-9.21303664734779
-9.24974396758425
-9.28641114625789
 -9.3229351125914
-9.35941937034442
-9.39576291378417
-9.43206716689312
-9.46823313232703
-9.50436021121068
-9.54035136075333
-9.57630401361034
-9.61212302967051
-9.64790392528808
 -9.6835534133884
-9.71916514403068
-9.75464763584403
  -9.790092720288
-9.82541067607657
-9.86069156209123
-9.89584737349142
-9.93096644052883
 -9.9659624328561
 -10.000921994419
-10.0357604291531
-10.0705627351823
-10.1052458120384
 -10.139893051132
-10.1744229104437
 -10.208917212077
-10.2432959366753
-10.2776393731785
-10.3118689904528
-10.3460635790366
-10.3801460628294
-10.4141937672975
 -10.448131039752
 -10.482033772675
 -10.515827705804
-10.5495873298907
-10.5832397474779
 -10.616858077439
-10.6503707564922
-10.6838495604968
 -10.717224232724
-10.7505652340348
-10.7838035876911
-10.8170084661108
-10.8501121468054
-10.8831825400792
-10.9161531526318
-10.9490906576747
-10.9819297672634
-11.0147359416357
-11.0474450749781
-11.0801214380864
-11.1127020847307
-11.1452501188916
-11.1777037322719
-11.2101248840848
 -11.242452882792
-11.2747485640028
-11.3069523326919
-11.3391239214734
-11.3712048119455
-11.4032536537525
-11.4352129860713
-11.4671403946678
-11.4989794579551
-11.5307867165153
-11.5625067697289
-11.5941951314749
-11.6257974046995
-11.6573680939979
-11.6888537889327
-11.7203080020448
-11.7516782930804
-11.7830171989084
-11.8142732337317
-11.8454979747842
-11.8766408751641
-11.9077525682216
-11.9387834307956
  -11.96978316756
-12.0007030646213
-12.0315919124764
-12.0624018924014
-12.0931808951823
-12.1238819833883
-12.1545521620163
-12.1851453612673
-12.2157077141025
 -12.246194005576
-12.2766495094471
-12.3070298528364
-12.3373794633765
-12.3676547977621
-12.3978994499518
-12.4280706943936
-12.4582113032287
-12.4882793570632
-12.5183168180569
-12.5482825615241
-12.5782177512818
-12.6080820460336
-12.6379158226232
-12.6676795122945
-12.6974127157082
-12.7270766262828
 -12.756710078922
-12.7862750191339
-12.8158095265356
-12.8452762884585
-12.8747126393345
-12.9040819985605
-12.9334209653737
-12.9626936817326
-12.9919360211597
-13.0211128389886
-13.0502592923736
-13.0793409406733
-13.1083922339532
-13.1373794271951
-13.1663362719927
-13.1952297100683
-13.2240928035627
 -13.252893172297
-13.2816631976018
-13.3103711692756
  -13.33904879591
-13.3676650292948
-13.3962509132492
 -13.424776054179
-13.4532708389055
-13.4817055202028
-13.5101098358825
-13.5384546780305
-13.5667691429541
-13.5950247542652
-13.6232499744178
 -13.651416951239
-13.6795535204645
-13.7076324476979
-13.7356809485772
-13.7636723997212
-13.7916334036264
-13.8195379408123
-13.8474120077294
-13.8752301826483
-13.9030178622063
-13.9307502154836
-13.9584520462412
-13.9860991085887
-14.0137156192233
-14.0412779107514
-14.0688096195265
-14.0962876509156
-14.1237350662534
-14.1511293381029
-14.1784929588654
-14.2058039623604
-14.2330842781123
-14.2603124950995
-14.2875099858419
-14.3146558891674
-14.3417710259823
-14.3688350796805
-14.3958683246796
 -14.422850983839
-14.4498027906105
-14.4767045018627
-14.5035753154302
-14.5303965171433
-14.5571867740809
-14.5839278963211
-14.6106380253171
-14.6372994902303
-14.6639299116232
-14.6905121334504
-14.7170632601936
-14.7435666453658
-14.7700388823404
-14.7964638298636
-14.8228575746571
-14.8492044762282
 -14.875520119022
-14.9017893589378
-14.9280272825837
-14.9542192381335
-14.9803798185941
 -15.006494859997
-15.0325784662428
-15.0586169569035
-15.0846239508953
-15.1105862477151
-15.1365169850861
-15.1624034380211
-15.1882582676369
-15.2140692205455
-15.2398484847123
-15.2655842750206
-15.2912883101149
-15.3169492688582
-15.3425784046745
-15.3681648571726
-15.3937194177473
-15.4192316828821
-15.4447119862287
-15.4701503772778
 -15.495556735367
-15.5209215598529
-15.5462542790464
-15.5715458387865
-15.5968052198099
-15.6220238111181
-15.6472101491031
-15.6723560626198
-15.6974696473204
-15.7225431686315
-15.7475842843855
-15.7725856935507
-15.7975546196184
-15.8224841913897
-15.8473812015892
-15.8722392062265
-15.8970645693501
 -15.921851271496
-15.9466052515366
-15.9713209111662
-15.9960037670682
-16.0206486395131
-16.0452606254922
-16.0698349608011
 -16.094376326105
-16.1188803699935
-16.1433513596053
-16.1677853532115
-16.1921862068558
-16.2165503868479
-16.2408813406105
-16.2651759391642
-16.2894372239215
-16.3136624677702
-16.3378543105488
 -16.362010424984
-16.3861330477716
-16.4102202481864
-16.4342738706238
-16.4582923799541
-16.4822772132762
-16.5062272256044
-16.5301434775127
-16.5540252141639
 -16.577873077655
-16.6016867471662
-16.6016867471662
-16.6163815513155
-16.6310357668988
-16.6456493936137
-16.6602224311258
-16.6747548790715
-16.6892467370563
-16.7036980046549
-16.7181086814126
-16.7324787668457
 -16.746808260441
-16.7610971616565
-16.7753454699214
-16.7895531846373
-16.8037203051775
-16.8178468308878
-16.8319327610867
-16.8459780950656
-16.8599828320896
 -16.873946971397
-16.8878705122002
-16.9017534536859
-16.9155957950151
-16.9293975353237
-16.9431586737228
-16.9568792092986
-16.9705591411133
-16.9841984682048
-16.9977971895873
-17.0113553042516
-17.0248728111653
 -17.038349709273
-17.0517859974967
-17.0651816747361
-17.0785367398685
-17.0918511917499
-17.1051250292143
-17.1183582510748
-17.1315508561231
-17.1447028431305
-17.1578142108476
-17.1708849580051
-17.1839150833133
-17.1969045854632
-17.2098534631263
-17.2227617149548
-17.2356293395821
-17.2484563356229
-17.2612427016735
-17.2739884363122
-17.2866935380991
-17.2993580055771
-17.3119818372713
-17.3245650316897
-17.3371075873237
-17.3496095026477
  -17.36207077612
-17.3744914061823
-17.3868713912608
-17.3992107297657
-17.4115094200919
-17.4237674606191
-17.4359848497118
  -17.44816158572
-17.4602976669791
-17.4723930918101
  -17.48444785852
-17.4964619654021
-17.5084354107358
-17.5203681927874
-17.5322603098099
-17.5441117600434
-17.5559225417152
-17.5676926530403
-17.5794220922212
-17.5911108574485
-17.6027589469009
-17.6143663587455
-17.6259330911379
-17.6374591422226
-17.6489445101332
-17.6603891929923
 -17.671793188912
-17.6831564959941
-17.6944791123303
-17.7057610360023
-17.7170022650819
-17.7282027976316
-17.7393626317044
-17.7504817653443
-17.7615601965862
-17.7725979234564
-17.7835949439726
-17.7945512561442
-17.8054668579723
-17.8163417474503
-17.8271759225636
-17.8379693812902
-17.8487221216005
 -17.859434141458
 -17.870105438819
 -17.880736011633
 -17.891325857843
-17.9018749753853
-17.9123833621903
 -17.922851016182
-17.9332779352787
-17.9436641173929
-17.9540095604315
-17.9643142622962
-17.9745782208835
-17.9848014340848
-17.9949838997867
-18.0051256158712
-18.0152265802158
-18.0252867906936
-18.0353062451738
-18.0452849415215
-18.0552228775978
-18.0651200512606
-18.0749764603639
-18.0847921027588
 -18.094566976293
-18.1043010788114
-18.1139944081559
-18.1236469621661
-18.1332587386787
-18.1428297355285
-18.1523599505478
-18.1618493815671
 -18.171298026415
-18.1807058829185
-18.1900729489029
-18.1993992221923
-18.2086847006095
-18.2179293819763
-18.2271332641134
-18.2362963448409
-18.2454186219783
-18.2545000933446
-18.2635407567584
-18.2725406100383
-18.2814996510027
-18.2904178774702
-18.2992952872597
-18.3081318781905
-18.3169276480824
-18.3256825947559
-18.3343967160323
-18.3430700097341
-18.3517024736847
-18.3602941057087
-18.3688449036323
-18.3773548652831
-18.3858239884904
-18.3942522710852
-18.4026397109006
-18.4109863057716
-18.4192920535355
-18.4275569520319
-18.4357809991028
 -18.443964192593
-18.4521065303497
-18.4602080102232
-18.4682686300666
-18.4762883877362
-18.4842672810915
-18.4922053079953
 -18.500102466314
-18.5079587539174
-18.5157741686791
-18.5235487084767
-18.5312823711916
-18.5389751547091
-18.5466270569191
-18.5542380757156
-18.5618082089969
 -18.569337454666
-18.5768258106307
-18.5842732748032
 -18.591679845101
-18.5990455194464
-18.6063702957668
 -18.613654171995
-18.6208971460688
-18.6280992159318
-18.6352603795331
-18.6423806348272
-18.6494599797748
-18.6564984123422
-18.6634959305017
-18.6704525322318
-18.6773682155171
-18.6842429783486
-18.6910768187238
-18.6978697346463
-18.7046217241269
-18.7113327851827
-18.7180029158377
-18.7246321141229
-18.7312203780762
-18.7377677057427
-18.7442740951748
-18.7507395444319
-18.7571640515812
 -18.763547614697
-18.7698902318616
-18.7761919011646
-18.7824526207037
-18.7886723885842
-18.7948512029196
-18.8009890618313
-18.8070859634489
-18.8131419059102
-18.8191568873615
-18.8251309059572
-18.8310639598605
 -18.836956047243
-18.8428071662851
-18.8486173151758
-18.8543864921131
-18.8601146953038
-18.8658019229638
-18.8714481733182
 -18.877053444601
-18.8826177350557
-18.8881410429349
-18.8936233665009
-18.8990647040254
-18.9044650537895
-18.9098244140841
  -18.91514278321
-18.9204201594774
-18.9256565412068
-18.9308519267283
-18.9360063143824
-18.9411197025194
   -18.9461920895
-18.9512234736949
-18.9562138534855
-18.9611632272632
-18.9660715934301
-18.9709389503988
-18.9757652965925
-18.9805506304452
-18.9852949504013
-18.9899982549164
-18.9946605424568
-18.9992818114997
-19.0038620605334
-19.0084012880573
-19.0128994925818
-19.0173566726288
 -19.021772826731
 -19.026147953433
-19.0304820512902
  -19.03477511887
-19.0390271547509
-19.0432381575232
-19.0474081257888
-19.0515370581613
-19.0556249532659
-19.0596718097398
 -19.063677626232
-19.0676424014033
-19.0715661339268
-19.0754488224873
-19.0792904657819
-19.0830910625196
-19.0868506114219
-19.0905691112224
-19.0942465606669
-19.0978829585137
-19.1014783035333
-19.1050325945091
-19.1085458302365
-19.1120180095236
-19.1154491311913
 -19.118839194073
-19.1221881970147
-19.1254961388752
-19.1287630185262
-19.1319888348521
-19.1351735867503
 -19.138317273131
-19.1414198929173
-19.1444814450456
-19.1475019284652
-19.1504813421382
-19.1534196850404
-19.1563169561602
-19.1591731544997
-19.1619882790739
-19.1647623289113
-19.1674953030537
-19.1701872005561
-19.1728380204872
-19.1754477619289
-19.1780164239766
-19.1805440057394
-19.1830305063397
-19.1854759249138
-19.1878802606112
-19.1902435125954
-19.1925656800435
-19.1948467621463
-19.1970867581082
-19.1992856671475
-19.2014434884965
 -19.203560221401
-19.2056358651209
-19.2076704189298
-19.2096638821155
-19.2116162539795
-19.2135275338374
-19.2153977210187
-19.2172268148672
-19.2190148147404
-19.2207617200101
-19.2224675300622
-19.2241322442966
-19.2257558621275
-19.2273383829832
-19.2288798063062
-19.2303801315533
-19.2318393581952
-19.2332574857174
-19.2346345136194
-19.2359704414148
-19.2372652686318
-19.2385189948129
-19.2397316195149
-19.2409031423089
-19.2420335627805
-19.2431228805296
-19.2441710951706
-19.2451782063324
 -19.246144213658
-19.2470691168053
-19.2479529154465
-19.2487956092681
-19.2495971979713
-19.2503576812718
-19.2510770588998
-19.2517553305999
-19.2523924961314
 -19.252988555268
-19.2535435077982
-19.2540573535248
-19.2545300922652
-19.2549617238516
-19.2553522481305
-19.2557016649633
-19.2560099742256
-19.2562771758079
-19.2565032696152
-19.2566882555672
-19.2568321335981
-19.2569349036566
-19.2569965657064
-19.2570171197254