    -1.83851510232495
    -1.83696112124424
    -1.83236939401166
    -1.82265930939051
    -1.80881577708524
    -1.78931853901739
    -1.76596957210771
    -1.73740864324435
    -1.70606714526333
    -1.67061586271127
    -1.63380465132831
    -1.59425889652762
     -1.5547216943698
    -1.51375185607141
    -1.47383659295968
    -1.43352250413548
    -1.39491188469376
    -1.35661231080326
    -1.32032005900491
    -1.28477055345054
    -1.25129383746325
    -1.21879032446111
       -1.18829170845
    -1.15887702673338
    -1.13133802215227
    -1.10491879445805
    -1.08022847994035
    -1.05665157797807
     -1.0346259929967
    -1.01362077296141
   -0.993955290354318
   -0.975152359696456
   -0.957374656003192
   -0.940148842954934
   -0.923710525322386
   -0.907721569209515
   -0.892299750039163
   -0.877211094707531
   -0.863138773015672
   -0.850215970690504
   -0.837890983437584
   -0.825322897981707
   -0.813112011440939
   -0.801649465738107
   -0.790832379564776
   -0.780194544016438
    -0.76989401956873
    -0.75994333318335
   -0.750409502901431
   -0.741126984514153
    -0.73217341639801
   -0.723467397484844
   -0.715073757757791
   -0.706896936166227
   -0.698997094110277
   -0.691296994150947
   -0.683850274414344
   -0.676584369202635
   -0.669548445394356
   -0.662678235568927
    -0.65601841771029
   -0.649510218956488
    -0.64319465390256
    -0.63701848339292
   -0.631019353088949
   -0.625148565622752
   -0.619440840567107
   -0.613851629836783
   -0.608413014026946
   -0.603084058307169
   -0.597894496078525
   -0.592806634105553
   -0.587848090789632
   -0.582984055286227
   -0.578240241303257
   -0.573584426455409
   -0.569040600135311
   -0.564578864903842
   -0.560221645657671
   -0.555941143725504
   -0.551758358878852
   -0.547647390789956
   -0.543627939878723
   -0.539675826591369
   -0.535809563608013
   -0.532006536290558
   -0.528284167495553
   -0.524621271140037
   -0.521034266179582
   -0.517503274351185
   -0.514043788837057
   -0.510637129409857
    -0.50729793664844
   -0.504008627920358
   -0.500783055410066
   -0.497604648303845
   -0.494486527894265
   -0.491413055086211
   -0.488396672822591
   -0.485422603358872
   -0.482502659499161
   -0.479622860229712
   -0.476794429431591
   -0.474004128007419
   -0.471262629216452
   -0.468557380891504
   -0.465898545436809
   -0.463274208087211
   -0.460694052330248
    -0.45814675793071
   -0.455641560809062
   -0.453167694781528
   -0.450733974547895
   -0.448330153109014
   -0.445964649735901
   -0.443627702190822
   -0.441327358830544
   -0.439054310697746
   -0.436816256284312
   -0.434604314941778
    -0.43242585239851
   -0.430272390411861
   -0.428150983766065
   -0.426053528614992
   -0.423986787758258
   -0.421943010171828
   -0.419928682808607
   -0.417936387066732
   -0.415972346469762
   -0.414029460158339
     -0.4121136992614
   -0.410218262259122
    -0.40834888441666
   -0.406499043356867
   -0.404674253249954
    -0.40286825623261
   -0.401086352553181
   -0.399322537990012
   -0.397581910481065
   -0.395858704166418
   -0.394157824217165
   -0.392473731390149
   -0.390811149931569
   -0.389164751719833
   -0.387539089853519
   -0.385929039770304
   -0.384338986916039
     -0.3827640026583
   -0.381208314016845
   -0.379667176064178
   -0.378144664592537
   -0.376636211550637
   -0.375145748094927
   -0.373668873928792
   -0.372209381546795
   -0.370763028978476
   -0.369333481610499
   -0.367916645479445
   -0.366516061381422
   -0.365127781161947
   -0.363755223943435
    -0.36239458111138
   -0.361049157365373
   -0.359715274763122
   -0.358396127644803
   -0.357088166647511
   -0.355794478956143
   -0.354511637089297
   -0.353242624866436
    -0.35198413300706
   -0.350739047235436
    -0.34950416940695
   -0.348282291035848
   -0.347070321590366
   -0.345870962006214
   -0.344681224149114
   -0.343503722805015
   -0.342335568624379
   -0.341179290403152
   -0.340032096906248
   -0.338896435360616
   -0.337769601983006
   -0.336653972724624
   -0.335546926386235
   -0.334450766545964
   -0.333362955882939
   -0.332285725315199
   -0.331216618461184
   -0.330157798520418
   -0.329106886138708
    -0.32806597566743
   -0.327032764722875
    -0.32600928563716
   -0.324993302965179
   -0.323986789408519
   -0.322987582157861
   -0.321997587842734
   -0.321014713834771
   -0.320040811196735
   -0.319073848318544
   -0.318115621727755
   -0.317164161600472
   -0.316221211749291
   -0.315284860401488
   -0.314356801340792
   -0.313435180328726
   -0.312521639792663
   -0.311614380518837
   -0.310714999822879
   -0.309821750868538
    -0.30893618127563
   -0.308056598718506
   -0.307184507757035
   -0.306318260108238
   -0.305459323783107
   -0.304606094044764
    -0.30375999541425
   -0.302919474834577
   -0.302085912765376
   -0.301257803136421
   -0.300436483566599
   -0.299620496421137
   -0.298811137248488
   -0.298006990142062
   -0.297209317703563
   -0.296416741330643
   -0.295630488170875
   -0.294849221498055
   -0.294074130583327
   -0.293303918685848
   -0.292539742051724
    -0.29178033724923
   -0.291026833273454
   -0.290277999192274
   -0.289534931827693
    -0.28879643815328
   -0.288063579596621
   -0.287335201550592
   -0.286612334175527
   -0.285893853679979
   -0.285180761407752
   -0.284471969969316
    -0.28376844537412
   -0.283069135656265
   -0.282374980893869
   -0.281684953631088
   -0.280999972643877
   -0.280319034591575
   -0.279643035936458
   -0.278971002803656
   -0.278303801376058
   -0.277640491474514
   -0.276981908234652
   -0.276327142234536
   -0.275677006740819
   -0.275030612117018
   -0.274388753513065
   -0.273750564565739
   -0.273116818196625
   -0.272486672874904
   -0.271860877811547
   -0.271238618292528
    -0.27062062047917
   -0.270006091876908
   -0.269395739745685
   -0.268788795200264
   -0.268185940890272
   -0.267586431047747
   -0.266990933949664
   -0.266398719153057
   -0.265810436387454
   -0.265225381284809
    -0.26464417616699
   -0.264066145738153
   -0.263491887875018
   -0.262920750441996
   -0.262353313469258
   -0.261788937477025
   -0.261228196344931
   -0.260670462386036
   -0.260116292445271
    -0.25956507630285
   -0.259017359551302
   -0.258472548466257
   -0.257931165021328
   -0.257392644098557
    -0.25685748149456
   -0.256325134877046
   -0.255796089557882
   -0.255269807003108
   -0.254746766824173
   -0.254226443902712
   -0.253709304105981
   -0.253194836726155
   -0.252683495269001
    -0.25217478338069
   -0.251669137202354
   -0.251166080760516
   -0.250666036711371
   -0.250168541061888
   -0.249673998877735
   -0.249181968219556
   -0.248692841407045
   -0.248206179747928
   -0.247722376747469
   -0.247240997303053
    -0.24676242543905
   -0.246286243833159
   -0.245812814757262
   -0.245341744964788
   -0.244873376653021
   -0.244407333237392
   -0.243943944244575
   -0.243482843056966
   -0.243024353026611
   -0.242568118471939
    -0.24211444434855
   -0.241662995919596
   -0.241214065392176
   -0.240767326638669
   -0.240323060774762
   -0.239880957622309
   -0.239441286381675
   -0.239003743663415
   -0.238568593268415
   -0.238135542862461
   -0.237704840520298
   -0.237276211807492
   -0.236849890462916
   -0.236425614336145
   -0.236003607084575
   -0.235583616189481
   -0.235165858001335
   -0.234750085825604
   -0.234336512158288
    -0.23392489551154
   -0.233515440938311
   -0.233107919846606
    -0.23270252357211
   -0.232299032382941
    -0.23189763605227
   -0.231498118101357
   -0.231100656487649
   -0.230705053891007
    -0.23031147507437
   -0.229919725604632
   -0.229529971252135
   -0.229142022632524
    -0.22875603558689
   -0.228371829461972
   -0.227989558301436
   -0.227609041825373
   -0.227230428940719
   -0.226853554286749
   -0.226478546670883
    -0.22610525649237
   -0.225733806815356
   -0.225364052157451
   -0.224996108899839
   -0.224629837488503
   -0.224265353208877
   -0.223902517934021
   -0.223541441688802
   -0.223181994643531
    -0.22282428174736
   -0.222468174838054
   -0.222113776392842
   -0.221760970124588
   -0.221409836648761
   -0.221060281352845
   -0.220712376610287
   -0.220366024812866
   -0.220021302666207
   -0.219678116664797
   -0.219336531996282
    -0.21899646465837
   -0.218657980783911
   -0.218320994200223
   -0.217985563568606
   -0.217651615923902
   -0.217319200645066
   -0.216988256769436
   -0.216658816919299
   -0.216330826715611
   -0.216004332570516
   -0.215679266092043
   -0.215355667728191
   -0.215033488636257
   -0.214712755430725
   -0.214393428133466
   -0.214075522478804
   -0.213759014389554
    -0.21344390538312
   -0.213130182164273
   -0.212817848903563
   -0.212506877964989
    -0.21219730515135
   -0.211889084424569
   -0.211582352547224
    -0.21127686859313
   -0.210974131430115
-0.000447981877472498
-0.000185860383834763
 7.57015284854272e-05
 0.000336706639011145
 0.000597157700188957
 0.000857057437706679
  0.00111640855080621
  0.00137521371259086
  0.00163347557033025
  0.00189119674575927
  0.00214837983537364
  0.00240502741072027
  0.00266114201868514
   0.0029167261817757
   0.0031717823983999
  0.00342631314314106
  0.00368032086702958
  0.00393380799780973
  0.00418677694020374
  0.00443923007617178
  0.00469116976516838
  0.00494259834439532
  0.00519351812905101
  0.00544393141257689
  0.00569384046689935
  0.00594324754267019
  0.00619215486950148
  0.00644056465619951
  0.00668847909099388
  0.00693590034176439
  0.00718283055626464
   0.0074292718623425
  0.00767522636815809
  0.00792069616239828
  0.00816568331448837
  0.00841018987480146
  0.00865421787486489
   0.0088977693275636
   0.0091408462273407
  0.00938345055039639
  0.00962558425488316
  0.00986724928109913
   0.0101084475516784
   0.0103491809717794
   0.0105894514292702
   0.0108292607949123
    0.011068610922541
   0.0113075036492444
    0.011545940795539
   0.0117839241655449
   0.0120214555471561
   0.0122585367122114
   0.0124951694166608
    0.012731355400732
   0.0129670963890922
   0.0132023940910105
   0.0134372502005163
   0.0136716663965567
   0.0139056443431518
   0.0141391856895478
   0.0143722920703678
   0.0146049651057623
   0.0148372064015561
   0.0150690175493938
   0.0153004001268848
   0.0155313556977441
   0.0157618858119339
   0.0159919920058014
    0.016221675802217
   0.0164509387107085
   0.0166797822275948
   0.0169082078361191
   0.0171362170065785
   0.0173638111964528
   0.0175909918505323
   0.0178177604010434
    0.018044118267773
   0.0182700668581911
   0.0184956075675724
    0.018720741779116
   0.0189454708640641
   0.0191697961818189
   0.0193937190800582
   0.0196172408948501
   0.0198403629507653
   0.0200630865609896
   0.0202854130274337
   0.0205073436408423
   0.0207288796809016
   0.0209500224163467
   0.0211707731050663
   0.0213911329942061
   0.0216111033202731
    0.021830685309236
   0.0220498801766266
   0.0222686891276385
   0.0224871133572255
   0.0227051540501992
   0.0229228123813237
   0.0231400895154121
   0.0233569866074193
   0.0235735048025346
    0.023789645236274
   0.0240054090345707
   0.0242207973138644
   0.0244358111811903
   0.0246504517342664
   0.0248647200615807
   0.0250786172424764
   0.0252921443472367
   0.0255053024371685
   0.0257180925646857
   0.0259305157733908
   0.0261425730981562
   0.0263542655652039
   0.0265655941921851
   0.0267765599882584
   0.0269871639541679
   0.0271974070823189
   0.0274072903568549
   0.0276168147537316
   0.0278259812407918
   0.0280347907778383
   0.0282432443167072
   0.0284513428013392
   0.0286590871678506
    0.028866478344604
   0.0290735172522776
   0.0292802048039341
   0.0294865419050886
    0.029692529453776
    0.029898168340618
   0.0301034594488886
   0.0303084036545792
   0.0305130018264635
   0.0307172548261614
   0.0309211635082017
   0.0311247287200852
   0.0313279513023461
   0.0315308320886136
   0.0317333719056721
   0.0319355715735213
   0.0321374319054357
   0.0323389537080232
    0.032540137781283
   0.0327409849186634
   0.0329414959071186
   0.0331416715271648
   0.0333415125529365
    0.033541019752241
   0.0337401938866133
   0.0339390357113708
   0.0341375459756655
   0.0343357254225378
   0.0345335747889691
    0.034731094805933
   0.0349282861984472
   0.0351251496856243
   0.0353216859807218
   0.0355178957911921
   0.0357137798187322
    0.035909338759332
    0.036104573303323
   0.0362994841354258
   0.0364940719347981
   0.0366883373750808
   0.0368822811244454
   0.0370759038456393
   0.0372692061960315
   0.0374621888276577
   0.0376548523872653
   0.0378471975163571
   0.0380392248512352
   0.0382309350230449
   0.0384223286578167
   0.0386134063765096
   0.0388041687950526
   0.0389946165243872
   0.0391847501705077
   0.0393745703345026
   0.0395640776125955
   0.0397532725961843
   0.0399421558718816
   0.0401307280215538
     0.04031898962236
   0.0405069412467907
   0.0406945834627061
   0.0408819168333738
   0.0410689419175063
   0.0412556592692982
   0.0414420694384629
   0.0416281729702693
   0.0418139704055777
   0.0419994622808754
   0.0421846491283126
   0.0423695314757367
   0.0425541098467283
   0.0427383847606341
   0.0429223567326023
   0.0431060262736159
   0.0432893938905259
    0.043472460086085
   0.0436552253589802
   0.0438376902038654
   0.0440198551113936
   0.0442017205682489
   0.0443832870571784
   0.0445645550570229
   0.0447455250427492
   0.0449261974854797
   0.0451065728525232
   0.0452866516074059
   0.0454664342099004
   0.0456459211160561
   0.0458251127782282
   0.0460040096451071
   0.0461826121617472
   0.0463609207695958
   0.0465389359065208
   0.0467166580068397
   0.0468940875013469
   0.0470712248173416
    0.047248070378655
   0.0474246246056774
   0.0476008879153856
   0.0477768607213686
   0.0479525434338551
   0.0481279364597392
   0.0483030402026058
   0.0484778550627572
   0.0486523814372385
   0.0488266197198622
   0.0490005703012339
   0.0491742335687768
   0.0493476099067564
   0.0495206996963055
   0.0496935033154469
    0.049866021139119
   0.0500382535391985
   0.0502102008845245
   0.0503818635409216
   0.0505532418712234
   0.0507243362352947
   0.0508951469900553
   0.0510656744895015
   0.0512359190847295
   0.0514058811239569
   0.0515755609525445
   0.0517449589130188
   0.0519140753450935
   0.0520829105856902
   0.0522514649689604
   0.0524197388263062
   0.0525877324864015
   0.0527554462752124
   0.0529228805160179
   0.0530900355294299
   0.0532569116334144
     0.05342350914331
   0.0535898283718492
   0.0537558696291772
   0.0539216332228719
   0.0540871194579627
   0.0542523286369503
   0.0544172610598256
   0.0545819170240883
   0.0547462968247659
    0.054910400754432
   0.0550742291032252
   0.0552377821588665
   0.0554010602066787
    0.055564063529603
   0.0557267924082179
   0.0558892471207561
   0.0560514279431226
   0.0562133351489114
   0.0563749690094238
   0.0565363297936843
   0.0566974177684584
   0.0568582331982692
   0.0570187763454138
   0.0571790474699804
   0.0573390468298641
   0.0574987746807838
   0.0576582312762978
   0.0578174168678202
   0.0579763317046367
   0.0581349760339201
   0.0582933501007465
   0.0584514541481104
   0.0586092884169401
   0.0587668531461132
   0.0589241485724714
    0.059081174930836
   0.0592379324540224
   0.0593944213728549
   0.0595506419161819
   0.0597065943108896
   0.0598622787819174
   0.0600176955522715
   0.0601728448430391
   0.0603277268734034
   0.0604823418606564
   0.0606366900202137
   0.0607907715656275
   0.0609445867086013
   0.0610981356590024
   0.0612514186248761
   0.0614044358124585
   0.0615571874261902
   0.0617096736687292
   0.0618618947409642
    0.062013850842027
    0.062165542169306
   0.0623169689184586
   0.0624681312834238
   0.0626190294564351
   0.0627696636280323
   0.0629200339870747
   0.0630701407207525
   0.0632199840145999
   0.0633695640525062
   0.0635188810167286
   0.0636679350879037
   0.0638167264450593
   0.0639652552656264
   0.0641135217254501
   0.0642615259988024
   0.0644092682583923
   0.0645567486753781
   0.0647039674193784
    0.064850924658483
   0.0649976205592645
   0.0651440552867892
   0.0652902290046277
   0.0654361418748661
   0.0655817940581168
   0.0657271857135291
   0.0658723169987996
   0.0660171880701836
   0.0661617990825042
   0.0663061501891639
   0.0664502415421545
   0.0665940732920671
   0.0667376455881025
   0.0668809585780813
   0.0670240124084539
   0.0671668072243106
   0.0673093431693907
   0.0674516203860935
   0.0675936390154871
   0.0677353991973185
   0.0678769010700227
   0.0680181447707331
   0.0681591304352899
   0.0682998581982504
   0.0684403281928973
   0.0685805405512494
   0.0687204954040689
   0.0688601928808723
   0.0689996331099383
   0.0691388162183173
   0.0692777423318398
   0.0694164115751259
   0.0695548240715939
   0.0696929799434686
   0.0698308793117904
   0.0699685222964236
   0.0701059090160654
   0.0702430395882539
   0.0703799141293767
   0.0705165327546794
   0.0706528955782733
   0.0707890027131449
   0.0709248542711624
   0.0710604503630853
   0.0711957910985717
   0.0713308765861863
   0.0714657069334088
   0.0716002822466414
   0.0717346026312165
   0.0718686681914054
   0.0720024790304248
   0.0721360352504453
   0.0722693369525989
   0.0724023842369861
   0.0725351772026844
   0.0726677159477544
   0.0728000005692486
   0.0729320311632178
   0.0730638078247189
   0.0731953306478219
   0.0733265997256174
   0.0734576151502235
   0.0735883770127928
     0.07371888540352
   0.0738491404116484
   0.0739791421254771
   0.0741088906323679
   0.0742383860187521
   0.0743676283701373
   0.0744966177711146
   0.0746253543053646
   0.0747538380556648
   0.0748820691038954
   0.0750100475310471
   0.0751377734172267
   0.0752652468416636
   0.0753924678827168
   0.0755194366178813
   0.0756461531237939
   0.0757726174762399
   0.0758988297501597
   0.0760247900196541
    0.076150498357992
   0.0762759548376149
   0.0764011595301443
   0.0765261125063871
    0.076650813836342
   0.0767752635892053
   0.0768994618333768
    0.077023408636466
   0.0771471040652979
   0.0772705481859185
   0.0773937410636013
   0.0775166827628521
   0.0776393733474157
    0.077761812880281
    0.077884001423687
   0.0780059390391282
   0.0781276257873599
   0.0782490617284045
   0.0783702469215565
   0.0784911814253878
   0.0786118652977536
   0.0787322985957976
   0.0788524813759571
   0.0789724136939691
   0.0790920956048745
   0.0792115271630243
   0.0793307084220843
   0.0794496394350404
   0.0795683202542041
   0.0796867509312171
   0.0798049315170567
   0.0799228620620408
   0.0800405426158328
   0.0801579732274469
   0.0802751539452528
   0.0803920848169807
   0.0805087658897261
   0.0806251972099549
   0.0807413788235082
   0.0808573107756066
   0.0809729931108558
   0.0810884258732509
   0.0812036091061808
   0.0813185428524335
   0.0814332271542006
   0.0815476620530812
   0.0816618475900879
   0.0817757838056499
   0.0818894707396186
   0.0820029084312714
   0.0821160969193167
    0.082229036241898
   0.0823417264365986
   0.0824541675404455
   0.0825663595899145
    0.082678302620934
   0.0827899966688894
   0.0829014417686274
   0.0830126379544606
   0.0831235852601709
   0.0832342837190148
   0.0833447333637264
    0.083454934226523
   0.0835648863391076
   0.0836745897326741
   0.0837840444379113
   0.0838932504850059
   0.0840022079036486
   0.0841109167230356
   0.0842193769718744
   0.0843275886783874
    0.084435551870315
   0.0845432665749203
    0.084650732818993
   0.0847579506288528
   0.0848649200303532
    0.084971641048886
   0.0850781137093842
   0.0851843380363267
   0.0852903140537409
   0.0853960417852074
   0.0855015212538631
   0.0856067524824055
   0.0857117354930954
   0.0858164703077613
   0.0859209569478027
   0.0860251954341938
   0.0861291857874869
    0.086232928027816
   0.0863364221749001
   0.0864396682480475
   0.0865426662661581
   0.0866454162477277
    0.086747918210851
   0.0868501721732254
   0.0869521781521538
   0.0870539361645489
    0.087155446226935
   0.0872567083554533
   0.0873577225658633
   0.0874584888735478
   0.0875590072935146
   0.0876592778404009
   0.0877593005284759
   0.0878590753716445
   0.0879586023834496
   0.0880578815770765
   0.0881569129653551
   0.0882556965607633
   0.0883542323754301
   0.0884525204211391
   0.0885505607093306
   0.0886483532511058
   0.0887458980572292
   0.0888431951381313
   0.0889402445039125
   0.0890370461643454
   0.0891336001288781
   0.0892299064066365
   0.0893259650064286
   0.0894217759367455
   0.0895173392057664
   0.0896126548213595
   0.0897077227910864
   0.0898025431222041
   0.0898971158216679
   0.0899914408961345
   0.0900855183519647
   0.0901793481952261
   0.0902729304316955
   0.0903662650668626
   0.0904593521059318
   0.0905521915538254
   0.0906447834151858
   0.0907371276943791
   0.0908292243954967
   0.0909210735223587
   0.0910126750785162
   0.0911040290672538
   0.0911951354915927
   0.0912859943542928
   0.0913766056578554
   0.0914669694045258
   0.0915570855962958
   0.0916469542349064
     0.09173657532185
   0.0918259488583733
   0.0919150748454789
   0.0920039532839292
   0.0920925841742476
   0.0921809675167216
   0.0922691033114047
   0.0923569915581192
    0.092444632256459
   0.0925320254057908
   0.0926191710052574
   0.0927060690537801
   0.0927927195500603
   0.0928791224925825
   0.0929652778796163
   0.0930511857092189
   0.0931368459792372
     0.09322225868731
   0.0933074238308705
   0.0933923414071486
   0.0934770114131724
   0.0935614338457716
   0.0936456087015789
   0.0937295359770321
   0.0938132156683769
   0.0938966477716686
   0.0939798322827743
   0.0940627691973751
   0.0941454585109684
   0.0942279002188697
    0.094310094316215
   0.0943920407979627
   0.0944737396588955
   0.0945551908936232
   0.0946363944965838
   0.0947173504620461
   0.0947980587841119
   0.0948785194567174
   0.0949587324736358
   0.0950386978284787
   0.0951184155146989
   0.0951978855255918
   0.0952771078542971
   0.0953560824938015
     0.09543480943694
   0.0955132886763984
   0.0955915202047147
   0.0956695040142811
   0.0957472400973463
   0.0958247284460168
    0.095901969052259
   0.0959789619079015
   0.0960557070046363
   0.0961322043340208
   0.0962084538874799
   0.0962844556563076
    0.096360209631669
   0.0964357158046016
   0.0965109741660179
   0.0965859847067061
   0.0966607474173331
   0.0967352622884452
   0.0968095293104705
   0.0968835484737204
   0.0969573197683912
    0.097030843184566
   0.0971041187122165
   0.0971771463412041
   0.0972499260612828
   0.0973224578620994
   0.0973947417331961
   0.0974667776640119
   0.0975385656438846
   0.0976101056620514
   0.0976813977076519
   0.0977524417697288
   0.0978232378372297
   0.0978937858990087
   0.0979640859438281
   0.0980341379603601
   0.0981039419371879
   0.0981734978628076
     0.09824280572563
   0.0983118655139814
   0.0983806772161057
    0.098449240820166
   0.0985175563142457
   0.0985856236863504
   0.0986534429244089
   0.0987210140162752
   0.0987883369497298
   0.0988554117124812
    0.098922238292167
    0.098988816676356
   0.0990551468525491
   0.0991212288081811
   0.0991870625306218
   0.0992526480071776
   0.0993179852250932
   0.0993830741715521
   0.0994479148336792
   0.0995125071985412
   0.0995768512531486
   0.0996409469844564
   0.0997047943793664
   0.0997683934247278
   0.0998317441073386
   0.0998948464139475
   0.0999577003312545
    0.100020305845913
    0.100082662944529
    0.100144771613668
    0.100206631839847
    0.100268243609546
    0.100329606909201
    0.100390721725211
    0.100451588043936
    0.100512205851699
    0.100572575134788
    0.100632695879456
    0.100692568071925
    0.100752191698382
    0.100811566744986
    0.100870693197865
     0.10092957104312
    0.100988200266825
    0.101046580855027
    0.101104712793749
    0.101162596068991
    0.101220230666731
    0.101277616572925
    0.101334753773509
    0.101391642254402
    0.101448282001501
    0.101504673000692
    0.101560815237842
    0.101616708698805
    0.101672353369422
     0.10172774923552
    0.101782896282917
    0.101837794497421
     0.10189244386483
    0.101946844370936
    0.102000996001523
    0.102054898742369
    0.102108552579249
    0.102161957497933
    0.102215113484191
    0.102268020523787
     0.10232067860249
    0.102373087706066
    0.102425247820285
    0.102477158930916
    0.102528821023736
    0.102580234084524
    0.102631398099065
    0.102682313053152
    0.102732978932584
     0.10278339572317
    0.102833563410727
    0.102883481981083
    0.102933151420079
    0.102982571713566
     0.10303174284741
     0.10308066480749
    0.103129337579702
    0.103177761149957
    0.103225935504182
    0.103273860628325
    0.103321536508348
    0.103368963130239
    0.103416140480001
    0.103463068543661
    0.103509747307269
    0.103556176756898
    0.103602356878643
    0.103648287658626
    0.103693969082995
    0.103739401137925
    0.103784583809616
    0.103829517084298
    0.103874200948232
    0.103918635387706
    0.103962820389041
    0.104006755938588
    0.104050442022732
     0.10409387862789
    0.104137065740514
     0.10418000334709
    0.104222691434141
    0.104265129988225
    0.104307318995938
    0.104349258443914
    0.104390948318825
    0.104432388607384
    0.104473579296342
    0.104514520372492
    0.104555211822671
    0.104595653633755
    0.104635845792664
    0.104675788286364
    0.104715481101863
    0.104754924226216
    0.104794117646524
    0.104833061349933
     0.10487175532364
    0.104910199554886
    0.104948394030963
    0.104986338739214
    0.105024033667028
     0.10506147880185
    0.105098674131172
    0.105135619642541
    0.105172315323555
    0.105208761161868
    0.105244957145186
    0.105280903261269
    0.105316599497936
    0.105352045843059
    0.105387242284567
    0.105422188810447
    0.105456885408744
    0.105491332067562
    0.105525528775062
    0.105559475519467
    0.105593172289059
    0.105626619072182
     0.10565981585724
      0.1056927626327
    0.105725459387092
    0.105757906109008
    0.105790102787106
    0.105822049410105
    0.105853745966792
    0.105885192446017
    0.105916388836699
     0.10594733512782
    0.105978031308432
    0.106008477367652
    0.106038673294668
    0.106068619078735
    0.106098314709176
    0.106127760175386
    0.106156955466828
    0.106185900573039
    0.106214595483623
    0.106243040188258
    0.106271234676694
    0.106299178938754
    0.106326872964332
      0.1063543167434
    0.106381510265998
    0.106408453522245
    0.106435146502335
    0.106461589196534
    0.106487781595188
    0.106513723688716
    0.106539415467615
    0.106564856922461
    0.106590048043904
    0.106614988822675
    0.106639679249583
    0.106664119315515
    0.106688309011439
    0.106712248328399
    0.106735937257524
     0.10675937579002
    0.106782563917176
    0.106805501630361
    0.106828188921027
    0.106850625780706
    0.106872812201014
    0.106894748173651
    0.106916433690399
    0.106937868743121
    0.106959053323769
    0.106979987424376
     0.10700067103706
    0.107021104154024
    0.107041286767558
    0.107061218870035
    0.107080900453916
    0.107100331511749
    0.107119512036166
    0.107138442019888
    0.107157121455722
    0.107175550336565
    0.107193728655399
    0.107211656405295
    0.107229333579415
    0.107246760171007
    0.107263936173409
    0.107280861580048
    0.107297536384441
    0.107313960580197
    0.107330134161011
    0.107346057120673
     0.10736172945306
    0.107377151152142
    0.107392322211981
    0.107407242626728
    0.107421912390628
    0.107436331498018
    0.107450499943325
    0.107464417721072
    0.107478084825872
    0.107491501252432
    0.107504666995552
    0.107517582050126
     0.10753024641114
    0.107542660073676
    0.107554823032908
    0.107566735284107
    0.107578396822635
    0.107589807643951
    0.107600967743608
    0.107611877117254
    0.107622535760633
    0.107632943669584
    0.107643100840041
    0.107653007268033
    0.107662662949687
    0.107672067881226
    0.107681222058966
    0.107690125479322
    0.107698778138806
    0.107707180034026
    0.107715331161685
    0.107723231518585
    0.107730881101625
      0.1077382799078
    0.107745427934203
    0.107752325178024
    0.107758971636552
    0.107765367307172
    0.107771512187367
    0.107777406274719
    0.107783049566906
    0.107788442061706
    0.107793583756995
    0.107798474650745
    0.107803114741029
    0.107807504026017
    0.107811642503978
    0.107815530173279
    0.107819167032387
    0.107822553079865
    0.107825688314377
    0.107828572734686
    0.107831206339653
    0.107833589128236
    0.107835721099496
     0.10783760225259
    0.107839232586774
    0.107840612101405
    0.107841740795937
    0.107842618669925
    0.107843245723021
    0.107843621954978
    0.107843747365647