                   50	   -0.148186938268145	-0.000295250302918973	 2.93146037888548e-07	 4.29047020134021e-10	-1.57509227882713e-10
     49.8515181048465	   -0.148776558507225	-0.000294369865613367	 2.93286986474683e-07	-3.58511886844326e-10	  1.9037238452313e-10
     49.7024474695925	   -0.149364418859682	-0.000293490252000728	 2.93756630131981e-07	 5.93355142797236e-10	-8.75284289492129e-11
     49.5527898547433	   -0.149950516158014	-0.000292606297262968	 2.95254851234716e-07	 1.55738977269948e-10	 3.76743081176301e-11
     49.4025470277363	   -0.150534842176659	-0.000291719221532835	 2.96254474063673e-07	 3.44099859717062e-10	-1.64860347595663e-11
     49.2517207629202	   -0.151117390562328	-0.000290828558368335	 2.97466050680484e-07	 2.61668464673903e-10	 6.84574619214118e-12
      49.100312841534	   -0.151698154200011	-0.000289934521745168	 2.98581212199167e-07	 2.95882873757591e-10	 -3.1827873669954e-12
     48.9483250516862	   -0.152277126332249	-0.000289037034638027	 2.99732759501126e-07	 2.79974265993133e-10	 1.10633724403897e-12
     48.7957591883332	   -0.152854300077832	-0.000288136145452131	 3.00863686852892e-07	 2.85548029665961e-10	-7.39075467492967e-13
     48.6426170532584	   -0.153429668639163	-0.000287231848491714	 3.01998420937366e-07	 2.81857204242897e-10	 5.88418203051333e-14
     48.4889004550511	   -0.154003225213162	-0.000286324161496524	 3.03126424849864e-07	 2.82159184905595e-10	 -2.8599345114344e-13
     48.3346112090847	   -0.154574963029667	-0.000285413092126538	 3.04252206539957e-07	 2.80739431701704e-10	-1.37334588146132e-13
     48.1797511374957	   -0.155144875335036	-0.000284498652444775	  3.0537383421958e-07	 2.79998246810464e-10	-1.75082170983387e-13
     48.0243220691619	   -0.155712955399302	-0.000283580852705422	 3.06491942048126e-07	 2.79176237683032e-10	-2.15050199869893e-13
     47.8683258396808	   -0.156279196513262	-0.000282659703971655	 3.07606508709313e-07	 2.78195688707683e-10	-1.81299419921288e-13
     47.7117642913481	   -0.156843591989798	-0.000281735217085561	 3.08717513775036e-07	 2.77255107761221e-10	-1.90847337933064e-13
     47.5546392731358	   -0.157406135163363	-0.000280807402922274	 3.09824752298127e-07	 2.76305200941351e-10	-1.56763491077072e-13
     47.3969526406704	   -0.157966819390514	-0.000279876272403644	 3.10928302882374e-07	 2.75460099175007e-10	-1.91846538655227e-13
      47.238706256211	   -0.158525638049534	-0.000278941836651824	 3.12028261006958e-07	 2.74500866481731e-10	-1.73971947958762e-13
     47.0799019886274	   -0.159082584540914	-0.000278004106601869	 3.13124490336492e-07	 2.73595368582846e-10	 -1.8052226380405e-13
     46.9205417133778	   -0.159637652287173	-0.000277063093363163	 3.14217063035471e-07	 2.72648570387446e-10	-1.80633286106513e-13
     46.7606273124868	   -0.160190834733019	-0.000276118808087381	 3.15305958453749e-07	 2.71709321708613e-10	-1.84297022087776e-13
     46.6001606745232	   -0.160742125345402	-0.000275171261799067	 3.16390929233634e-07	 2.70846900463084e-10	-1.89737114908439e-13
     46.4391436945776	   -0.161291517613773	-0.000274220465827362	 3.17472408362107e-07	 2.69875233271932e-10	-2.00506278247303e-13
     46.2775782742401	   -0.161839005049704	 -0.00027326643135589	 3.18550047451183e-07	  2.6887425619293e-10	-1.62203583897735e-13
     46.1154663215778	   -0.162384581187582	-0.000272309169589149	 3.19623850941753e-07	 2.67990074576119e-10	-1.84185999785313e-13
     45.9528097511122	   -0.162928239584174	-0.000271348691938958	 3.20693974042996e-07	 2.67043276380718e-10	-1.89404048001052e-13
      45.789610483797	   -0.163469973818925	-0.000270385009649651	 3.21760200705512e-07	 2.66131117143686e-10	 -1.9417800700694e-13
     45.6258704469945	   -0.164009777494044	-0.000269418134204006	 3.22822807152789e-07	 2.65137245492042e-10	 -1.9595436384634e-13
      45.461591574454	   -0.164547644234468	-0.000268448076916954	 3.23881386155023e-07	 2.64240185288145e-10	-2.00506278247303e-13
     45.2967758062881	   -0.165083567688171	 -0.00026747484931994	 3.24936411333354e-07	  2.6315927215137e-10	-1.79301018476963e-13
       45.13142508895	   -0.165617541525846	-0.000266498462923828	  3.2598744081902e-07	 2.62242672022239e-10	-1.97952765290665e-13
     44.9655413752107	   -0.166149559441396	 -0.00026551892912238	 3.27034576308449e-07	 2.61254129441113e-10	-1.72972747236599e-13
     44.7991266241358	   -0.166679615151751	 -0.00026453625959805	 3.28077891742495e-07	 2.60304222621244e-10	-1.85185200507476e-13
     44.6321828010625	   -0.167207702396981	 -0.00026355046595343	 3.29117318509375e-07	 2.59328558627203e-10	   -1.74749104076e-13
      44.464711877576	   -0.167733814940491	-0.000262561559774315	 3.30152770899872e-07	 2.58475019165871e-10	-2.23820961764432e-13
     44.2967158314868	   -0.168257946568951	-0.000261569552852106	 3.31184552226915e-07	 2.57385224244899e-10	-1.85851334322251e-13
     44.1281966468067	   -0.168780091092385	-0.000260574456737707	 3.32212136688881e-07	 2.56537457943296e-10	-2.24931184789057e-13
     43.9591563137261	   -0.169300242344429	-0.000259576283349601	 3.33236122029845e-07	 2.55402365922919e-10	  -1.783018177548e-13
     43.7895968285896	   -0.169818394182037	-0.000258575044350156	 3.34255922496141e-07	 2.54490206685887e-10	-1.99840144432528e-13
     43.6195201938734	   -0.170334540486008	-0.000257570751641985	 3.35271897577982e-07	 2.53483900536366e-10	-1.97841742988203e-13
      43.448928418161	   -0.170848675160655	-0.000256563417028651	 3.36283850321806e-07	 2.52492249330771e-10	-1.93178806284777e-13
     43.2778235161194	   -0.171360792134161	-0.000255553052456401	 3.37291869989542e-07	 2.51526799388557e-10	 -2.1627144519698e-13
      43.106207508476	   -0.171870885358436	-0.000254539669847991	 3.38295923052456e-07	 2.50484966102249e-10	-1.92734717074927e-13
     42.9340824219939	   -0.172378948809413	-0.000253523281097519	 3.39295850526611e-07	  2.4956481325944e-10	 -2.1493917756743e-13
     42.7614502894486	   -0.172884976486847	-0.000252503898305866	 3.40291927081182e-07	 2.48493225996071e-10	-1.93178806284777e-13
     42.5883131496037	   -0.173388962414669	-0.000251481533497524	 3.41283922011826e-07	 2.47541542819363e-10	-2.22044604925031e-13
     42.4146730471868	   -0.173890900640845	-0.000250456198704899	 3.42271899045343e-07	 2.46497489087005e-10	-2.04281036531029e-13
     42.2405320328654	   -0.174390785237595	-0.000249427906065684	 3.43255893264782e-07	 2.45429898626526e-10	-1.89182003396127e-13
     42.0658921632229	   -0.174888610301261	-0.000248396667694905	 3.44235722593567e-07	 2.44446241026708e-10	-1.94289029309402e-13
     41.8907555007339	   -0.175384369952673	-0.000247362495790124	 3.45211505159426e-07	 2.43458586624001e-10	-2.07833750209829e-13
     41.7151241137402	   -0.175878058336937	-0.000246325402600652	 3.46183304467118e-07	 2.42398545680089e-10	-1.98063787593128e-13
     41.5390000764262	   -0.176369669623627	-0.000245285400277655	 3.47150814983266e-07	 2.41451747484689e-10	-2.09388062444305e-13
     41.3623854687943	   -0.176859198006973	-0.000244242501216112	 3.48114518766707e-07	 2.40313102750633e-10	-1.94066984704477e-13
     41.1852823766408	   -0.177346637705578	-0.000243196717722227	 3.49073934424737e-07	 2.39337882845803e-10	-2.12052597703405e-13
     41.0076928915305	   -0.177831982962917	-0.000242148062010019	 3.50029159212895e-07	 2.38334241231541e-10	-2.03170813506404e-13
     40.8296191107729	   -0.178315228047138	-0.000241096546555878	 3.50980309038462e-07	 2.37323938279133e-10	-2.22710738739806e-13
     40.6510631373966	   -0.178796367251149	-0.000240042183915879	 3.51927504693705e-07	 2.36184849455867e-10	-1.98507876802978e-13
      40.472027080125	   -0.179275394892705	 -0.00023898498627986	 3.52870270337036e-07	 2.35182540109236e-10	-1.92290627865077e-13
     40.2925130533513	     -0.1797523053147	-0.000237924966294071	  3.5380901231008e-07	 2.34157582212902e-10	-2.15161222172355e-13
     40.1125231771133	   -0.180227092884689	-0.000236862136462856	 3.54743474373365e-07	  2.3315527286627e-10	-2.16937579011756e-13
     39.9320595770685	   -0.180699751995655	-0.000235796509276957	 3.55673801966105e-07	 2.32106778241814e-10	-2.19824158875781e-13
     39.7511243844693	   -0.181170277065498	-0.000234728097428383	 3.56600014406183e-07	 2.31010321982694e-10	 -2.1049828546893e-13
     39.5697197361372	   -0.181638662537302	-0.000233656913428145	 3.57521893201707e-07	  2.2998536408636e-10	-2.14717132962505e-13
     39.3878477744381	   -0.182104902879606	-0.000232582969984532	 3.58439655734344e-07	 2.28885355113562e-10	-2.06945571790129e-13
     39.2055106472569	   -0.182568992586109	-0.000231506279776695	 3.59353121703876e-07	 2.27842189559624e-10	-2.12940776123105e-13
     39.0227105079717	   -0.183030926175991	-0.000230426855488753	 3.60262336851491e-07	 2.26800356273316e-10	-2.22044604925031e-13
     38.8394495154292	   -0.183490698193863	-0.000229344709897421	 3.61167351137226e-07	 2.25687912802641e-10	-2.07389660999979e-13
     38.6557298339182	   -0.183948303209897	-0.000228259855794456	 3.62068092618628e-07	 2.24606555576656e-10	-2.02282635086704e-13
      38.471553633145	   -0.184403735819795	-0.000227172305900255	 3.62964411415589e-07	 2.23603802140815e-10	-2.16049400592055e-13
     38.2869230882071	   -0.184856990645021	 -0.00022608207320186	 3.63856665019924e-07	 2.22447393838365e-10	-1.96287430753728e-13
     38.1018403795678	   -0.185308062332628	 -0.00022498917048765	 3.64744517034055e-07	 2.21377138842627e-10	-1.98729921407903e-13
     37.9163076930304	   -0.185756945555538	-0.000223893610663103	 3.65628018528241e-07	 2.20347295964984e-10	-2.18047802036381e-13
     37.7303272197124	   -0.186203635012503	-0.000222795406705649	 3.66507280524786e-07	 2.19225082531693e-10	-2.02948768901479e-13
     37.5439011560195	   -0.186648125428192	-0.000221694571542674	 3.67382154919937e-07	 2.18181028799336e-10	-2.21378471110256e-13
     37.3570317036198	     -0.1870904115532	-0.000220591118204324	 3.68252700999605e-07	 2.17107665179128e-10	-2.25819363208757e-13
      37.169721069418	   -0.187530488164192	-0.000219485059713863	 3.69118928755796e-07	 2.15983675388998e-10	-2.08277839419679e-13
     36.9819714655288	   -0.187968350063947	-0.000218376409108245	 3.69980765579925e-07	  2.1491164403642e-10	-2.19380069665931e-13
     36.7937851092512	   -0.188403992081318	-0.000217265179537062	 3.70838222352177e-07	 2.13824513650707e-10	 -2.1493917756743e-13
     36.6051642230422	   -0.188837409071497	 -0.00021615138406833	 3.71691369238647e-07	 2.12705408841884e-10	-2.20046203480706e-13
     36.4161110344905	   -0.189268595915832	-0.000215035035927351	 3.72540067017368e-07	 2.11616058010122e-10	-2.14273043752655e-13
     36.2266277762902	   -0.189697547522061	-0.000213916148170298	 3.73384385188302e-07	  2.1049828546893e-10	 -2.1405099914773e-13
     36.0367166862146	   -0.190124258824333	-0.000212794734165867	 3.74224242483123e-07	 2.09473771661806e-10	-2.42694753183059e-13
     35.8463800070896	   -0.190548724783247	-0.000211670807022333	 3.75059741708483e-07	 2.08285833025457e-10	-2.01616501271928e-13
     35.6556199867672	   -0.190970940385938	-0.000210544380100187	 3.75890819359626e-07	  2.0718093907135e-10	 -2.1582735598713e-13
     35.4644388780989	   -0.191390900646036	-0.000209415466714672	 3.76717478101085e-07	 2.06038741623615e-10	-2.03614902716254e-13
     35.2728389389095	   -0.191808600603883	-0.000208284080083743	 3.77539548512829e-07	 2.04994243802048e-10	-2.21156426505331e-13
     35.0808224319698	   -0.192224035326541	-0.000207150233683329	  3.7835728106117e-07	 2.03856487246412e-10	-2.17603712826531e-13
     34.8883916249705	   -0.192637199907732	-0.000206013940877179	 3.79170533859607e-07	 2.02739158794429e-10	-2.20268248085631e-13
      34.695548790495	   -0.193048089468018	-0.000204875215042179	 3.79979249398588e-07	 2.01630268037434e-10	-2.16049400592055e-13
     34.5022962059926	   -0.193456699154926	-0.000203734069671558	 3.80783528930451e-07	 2.00528926797006e-10	-2.33368879776208e-13
     34.3086361537518	   -0.193863024142723	-0.000202590518244951	 3.81583340480773e-07	 1.99349869944854e-10	-2.08943973234454e-13
     34.1145709208733	   -0.194267059632833	 -0.00020144457421653	 3.82378579022458e-07	 1.98238314652599e-10	 -2.1049828546893e-13
     33.9201027992429	   -0.194668800853646	-0.000200296251157153	 3.83169266315875e-07	 1.97187599582094e-10	-2.44471110022459e-13
     33.7252340855043	   -0.195068243060623	-0.000199145562673947	 3.83955600424812e-07	 1.95982341466561e-10	-2.29816166097407e-13
     33.5299670810323	    -0.19546538153639	-0.000197992522279183	 3.84737220526787e-07	 1.94920968255019e-10	 -2.4624746686186e-13
     33.3343040919056	    -0.19586021159083	-0.000196837143552342	 3.85514349776628e-07	 1.93715710139486e-10	-2.07833750209829e-13
      33.138247428879	   -0.196252728561091	 -0.00019567944028735	 3.86287005271768e-07	 1.92595717152244e-10	-2.39586128714109e-13
      32.941799407357	   -0.196642927811439	-0.000194519426089876	 3.87055054229535e-07	 1.91446858366362e-10	-2.32702745961433e-13
     32.7449623473658	   -0.197030804733831	 -0.00019335711457433	 3.87818527958217e-07	 1.90276683298407e-10	-2.22932783344731e-13
     32.5477385735259	   -0.197416354747403	-0.000192192519561596	 3.88577359400344e-07	 1.89178450682448e-10	-2.37143638059933e-13
     32.3501304150253	   -0.197799573298923	-0.000191025654783776	 3.89331721750708e-07	 1.87962090336669e-10	-2.15161222172355e-13
      32.152140205591	   -0.198180455862549	  -0.0001898565339976	 3.90081316803403e-07	 1.86897164411448e-10	-2.38031816479634e-13
     31.9537702834625	     -0.1985589979402	-0.000188685171043733	 3.90826470964001e-07	 1.85704340793791e-10	-2.37365682664858e-13
     31.7550229913632	   -0.198935195061238	-0.000187511579778205	 3.91566956414735e-07	 1.84547488402131e-10	-2.32924790566358e-13
     31.5559006764734	   -0.199309042782904	-0.000186335773955345	 3.92302777596498e-07	 1.83377313334177e-10	-2.22932783344731e-13
     31.3564056904025	   -0.199680536690087	-0.000185157767587999	 3.93034038204121e-07	 1.82223569566986e-10	-2.37587727269783e-13
     31.1565403891608	   -0.200049672395444	-0.000183977574510168	 3.93760576145041e-07	 1.81077375316363e-10	-2.35367281220533e-13
     30.9563071331323	   -0.200416445539601	-0.000182795208670175	 3.94482532417584e-07	 1.79882331252657e-10	-2.27151630838307e-13
     30.7557082870462	   -0.200780851790952	-0.000181610684052435	  3.9519976002822e-07	 1.78761450086995e-10	-2.42694753183059e-13
     30.5547462199495	   -0.201142886845943	-0.000180424014628017	 3.95912360673378e-07	 1.77581060967213e-10	-2.37143638059933e-13
     30.3534233051786	   -0.201502546428977	-0.000179235214431037	 3.96620315701313e-07	 1.76382020100618e-10	-2.27817764653082e-13
     30.1517419203317	   -0.201859826292504	-0.000178044297474251	 3.97323512757453e-07	 1.75250036704711e-10	-2.42472708578134e-13
     29.9497044472402	   -0.202214722217131	-0.000176851277862235	 3.98022123704322e-07	 1.74039893607869e-10	-2.40030217923959e-13
     29.7473132719412	   -0.202567230011552	-0.000175656169652627	 3.98715971350327e-07	 1.72840408652064e-10	-2.24487095579207e-13
     29.5445707846485	    -0.20291734551265	-0.000174458986942097	 3.99405086781712e-07	 1.71699099382749e-10	-2.43582931602759e-13
     29.3414793797255	   -0.203265064585752	-0.000173259743924418	 4.00089540608661e-07	 1.70491620821167e-10	-2.33812968986058e-13
     29.1380414556556	   -0.203610383124124	-0.000172058454689741	 4.00769174291327e-07	 1.69333436161878e-10	-2.30926389122033e-13
     28.9342594150151	   -0.203953297049855	-0.000170855133475207	 4.01444141484575e-07	 1.68151270685257e-10	-2.36033415035308e-13
     28.7301356644438	   -0.204293802312931	-0.000169649794504674	 4.02114342268334e-07	 1.66991309669129e-10	-2.46025422256935e-13
     28.5256726146174	   -0.204631894892175	-0.000168442451991993	 4.02779836150557e-07	 1.65793156980953e-10	 -2.4713564528156e-13
     28.3208726802187	   -0.204967570794723	-0.000167233120195551	 4.03440594265447e-07	 1.64563473958879e-10	-2.36477504245158e-13
     28.1157382799087	   -0.205300826056256	-0.000166021813396224	   4.040964891594e-07	 1.63427493760082e-10	-2.50466314355435e-13
     27.9102718362987	   -0.205631656741119	-0.000164808545866992	 4.04747674043193e-07	 1.62203583897735e-10	-2.36699548850083e-13
     27.7044757759213	   -0.205960058942205	-0.000163593331990886	 4.05394043223595e-07	 1.61025415224003e-10	-2.41140440948584e-13
      27.498352529202	   -0.206286028781158	 -0.00016237618612037	 4.06035715272424e-07	 1.59801505361656e-10	-2.44249065417534e-13
       27.29190453043	   -0.206609562408273	-0.000161157122608536	 4.06672524988494e-07	 1.58602464495061e-10	-2.40474307133809e-13
       27.08513421773	   -0.206930656002701	-0.000159936155823285	  4.0730454831106e-07	 1.57384771881652e-10	-2.32924790566358e-13
     26.8780440330331	   -0.207249305772337	-0.000158713300200807	 4.07931658230609e-07	 1.56254564842584e-10	-2.51798581984986e-13
     26.6706364220483	   -0.207565507953995	-0.000157488570215629	 4.08554100772562e-07	 1.54985801970042e-10	-2.34035013590983e-13
     26.4629138342329	   -0.207879258813354	-0.000156261980335771	 4.09171682314025e-07	 1.53804524671841e-10	-2.54685161849011e-13
     26.2548787227644	   -0.208190554645064	-0.000155033545010894	 4.09784420174475e-07	 1.52577506185025e-10	-2.43582931602759e-13
     26.0465335445111	   -0.208499391772678	-0.000153803278722323	 4.10392261507297e-07	 1.51383794388948e-10	-2.41584530158434e-13
     25.8378807600031	   -0.208805766549064	-0.000152571196051837	 4.10995312449813e-07	  1.5016476950791e-10	-2.44471110022459e-13
     25.6289228334032	   -0.209109675355769	-0.000151337311569341	 4.11593563676149e-07	 1.48907552954824e-10	-2.35367281220533e-13
     25.4196622324781	    -0.20941111460376	-0.000150101639783394	 4.12186834886086e-07	 1.47751144652375e-10	-2.55129251058861e-13
     25.2101014285689	   -0.209710080733089	-0.000148864195323669	 4.12775321922965e-07	 1.46508138954005e-10	 -2.4802382370126e-13
     25.0002428965621	   -0.210006570212981	-0.000147624992787753	 4.13358903106342e-07	 1.45273126861412e-10	-2.37587727269783e-13
     24.7900891148603	   -0.210300579541945	-0.000146384046816486	 4.13937592647073e-07	 1.44067424656669e-10	-2.43804976207684e-13
     24.5796425653529	   -0.210592105247752	-0.000145141372075303	  4.1451140608828e-07	 1.42833744831705e-10	-2.37587727269783e-13
     24.3689057333871	   -0.210881143887533	-0.000143896983230677	 4.15080320337324e-07	 1.41626710359333e-10	-2.46025422256935e-13
      24.157881107738	   -0.211167692047763	-0.000142650894971883	 4.15644279883054e-07	 1.40438327633774e-10	-2.56017429478561e-13
     23.9465711805798	   -0.211451746344388	-0.000141403122061114	 4.16203497444201e-07	 1.39136702159703e-10	-2.42028619368284e-13
     23.7349784474557	   -0.211733303422679	-0.000140153679168032	 4.16757616417129e-07	 1.37946543077305e-10	-2.42250663973209e-13
     23.5231054072492	   -0.212012359957594	 -0.00013890258106269	 4.17306892597225e-07	 1.36738620426513e-10	-2.62012633811537e-13
     23.3109545621539	   -0.212288912653399	-0.000137649842574969	 4.17851246048428e-07	 1.35468969375552e-10	-2.41806574763359e-13
     23.0985284176444	   -0.212562958244143	-0.000136395478438124	  4.1839069986338e-07	 1.34211752822466e-10	-2.43804976207684e-13
     22.8858294824465	   -0.212834493493294	-0.000135139503505865	 4.18925153677918e-07	 1.32994948387477e-10	-2.49578135935735e-13
     22.6728602685076	   -0.213103515194108	-0.000133881932573525	 4.19454674993602e-07	 1.31756383581205e-10	 -2.5068835896036e-13
     22.4596232909671	   -0.213370020169462	-0.000132622780516522	  4.1997923139192e-07	 1.30524480113081e-10	-2.52464715799761e-13
     22.2461210681266	   -0.213634005271988	-0.000131362062200415	 4.20498839304173e-07	 1.29278365790242e-10	 -2.4935609133081e-13
     22.0323561214203	   -0.213895467383955	-0.000130099792506469	 4.21013459206421e-07	 1.28050459125006e-10	-2.52464715799761e-13
     21.8183309753851	   -0.214154403417703	-0.000128835986350934	 4.21523118188105e-07	 1.26787469412193e-10	-2.39808173319034e-13
     21.6040481576307	   -0.214410810315042	 -0.00012757065866892	 4.22027834456884e-07	 1.25535137840416e-10	 -2.4491519923231e-13
     21.3895101988101	   -0.214664685048023	-0.000126303824404026	 4.22527531185324e-07	 1.24305010729131e-10	-2.51354492775135e-13
     21.1747196325893	   -0.214916024618238	-0.000125035498493204	 4.23022242124205e-07	 1.23055787781823e-10	-2.49578135935735e-13
     20.9596789956176	   -0.215164826057523	  -0.0001237656959282	 4.23511961944456e-07	 1.21810561637403e-10	-2.53352894219461e-13
     20.7443908274977	   -0.215411086427519	-0.000122494431717277	 4.23996711074182e-07	 1.20524035196468e-10	-2.42028619368284e-13
     20.5288576707554	   -0.215654802819942	-0.000121221720856421	 4.24476412241859e-07	 1.19289467193084e-10	 -2.4891200212096e-13
     20.3130820708101	   -0.215895972356496	-0.000119947578371783	 4.24951072997004e-07	 1.18065113241528e-10	-2.55573340268711e-13
     20.0970665759441	    -0.21613459218904	-0.000118672019317332	 4.25420751515304e-07	  1.1678524813874e-10	-2.43138842392909e-13
      19.880813737273	   -0.216370659499494	-0.000117395058782075	 4.25885422927763e-07	 1.15546239243258e-10	-2.59792187762287e-13
     19.6643261087154	   -0.216604171499901	-0.000116116711831492	  4.2634505970085e-07	 1.14255271910224e-10	-2.40696351738734e-13
     19.4476062469628	   -0.216835125432569	-0.000114836993528143	 4.26799640518283e-07	 1.13021147996051e-10	-2.56461518688411e-13
     19.2306567114491	   -0.217063518569903	-0.000113555919043176	 4.27249187584522e-07	 1.11754605569558e-10	-2.51354492775135e-13
     19.0134800643208	   -0.217289348214659	-0.000112273503466059	  4.2769372754492e-07	 1.10461861879685e-10	-2.42472708578134e-13
     18.7960788704067	   -0.217512611699779	-0.000110989761936796	 4.28133104968254e-07	 1.09266817815978e-10	-2.64233079860787e-13
     18.5784556971871	   -0.217733306388615	-0.000109704709661317	  4.2856756277132e-07	  1.0795764282534e-10	-2.54685161849011e-13
      18.360613114764	   -0.217951429674633	-0.000108418361772079	 4.28996875800891e-07	 1.06704423075143e-10	-2.55351295663786e-13
      18.142553695831	   -0.218166978982073	-0.000107130733474356	 4.29421156855625e-07	 1.05426778418405e-10	-2.52908805009611e-13
     17.9242800156417	   -0.218379951765075	-0.000105841839973929	 4.29840330440356e-07	 1.04174446846628e-10	-2.56461518688411e-13
     17.7057946519809	    -0.21859034550862	-0.000104551696499352	 4.30254458283486e-07	 1.02899022635938e-10	-2.56239474083486e-13
     17.4871001851329	   -0.218798157727896	-0.000103260318289194	 4.30663535055942e-07	 1.01592512180559e-10	-2.43804976207684e-13
     17.2681991978516	   -0.219003385968776	-0.000101967720570787	 4.31067432860033e-07	 1.00363273247694e-10	-2.53796983429311e-13
     17.0490942753298	   -0.219206027807411	-0.000100673918630707	 4.31466316452855e-07	 9.90660886657224e-11	 -2.4713564528156e-13
     16.8297880051689	   -0.219406080850688	 -9.9378927753857e-05	 4.31860080141178e-07	 9.78030989529088e-11	-2.53574938824386e-13
     16.6102829773481	   -0.219603542736011	-9.80827632301685e-05	 4.32248748349906e-07	 9.65343360803672e-11	-2.56461518688411e-13
     16.3905817841939	   -0.219798411131373	-9.67854403409547e-05	 4.32632296654134e-07	 9.52526946207399e-11	 -2.5113244817021e-13
     16.1706870203495	    -0.21999068373541	-9.54869744462409e-05	 4.33010775235942e-07	 9.39728295179521e-11	-2.58459920132736e-13
     15.9506012827441	   -0.220180358277373	-9.41873808661113e-05	 4.33384096609757e-07	 9.27067311806695e-11	-2.57793786317961e-13
     15.7303271705624	   -0.220367432517284	-9.28866749198655e-05	  4.3375232117171e-07	 9.14202047397339e-11	-2.57571741713036e-13
     15.5098672852137	   -0.220551904245768	-9.15848720132759e-05	 4.34115408953772e-07	 9.01447805290445e-11	-2.58681964737661e-13
     15.2892242303012	    -0.22073377128428	 -9.0281987506031e-05	  4.3447342434888e-07	 8.88293882894686e-11	-2.50910403565285e-13
     15.0684006115914	   -0.220913031484958	-8.89780367648554e-05	 4.34826229689378e-07	 8.75761685392717e-11	-2.58459920132736e-13
     14.8473990369832	   -0.221089682730786	-8.76730352050708e-05	 4.35173939550282e-07	 8.62825366709785e-11	-2.55129251058861e-13
     14.6262221164772	   -0.221263722935529	 -8.6366998244873e-05	 4.35516510410849e-07	 8.50017833897709e-11	-2.61124455391837e-13
     14.4048724621447	    -0.22143515004381	-8.50599413112395e-05	  4.3585395959056e-07	 8.36846147933556e-11	-2.48689957516035e-13
      14.183352688097	   -0.221603962031003	-8.37518798139037e-05	 4.36186219587853e-07	  8.2415851920814e-11	-2.55351295663786e-13
     13.9616654104545	   -0.221770156903642	 -8.2442829214068e-05	 4.36513315271725e-07	 8.11479772266921e-11	-2.60236276972137e-13
     13.7398132473159	   -0.221933732698804	-8.11328049828064e-05	 4.36835308370576e-07	 7.98352495223753e-11	-2.53796983429311e-13
      13.517798818727	   -0.222094687484776	 -7.9821822586981e-05	 4.37152109622474e-07	 7.85558285087973e-11	-2.57349697108111e-13
       13.29562474665	   -0.222253019360685	-7.85098974995183e-05	 4.37463751445932e-07	 7.72661934433927e-11	-2.57127652503186e-13
     13.0732936549326	   -0.222408726456654	-7.71970452181008e-05	 4.37770226291434e-07	 7.59849960729753e-11	-2.63122856836162e-13
     12.8508081692767	   -0.222561806933784	-7.58832812611594e-05	 4.38071545705299e-07	 7.46740447254979e-11	-2.54019028034236e-13
     12.6281709172076	   -0.222712258984241	-7.45686211184473e-05	 4.38367676380835e-07	 7.33946237119198e-11	-2.61790589206612e-13
     12.4053845280431	   -0.222860080831183	-7.32530803410824e-05	 4.38658649848378e-07	 7.20858928104917e-11	-2.57793786317961e-13
      12.182451632862	   -0.223005270728859	-7.19366744534752e-05	 4.38944415925846e-07	 7.08064717969137e-11	-2.62012633811537e-13
     11.9593748644737	   -0.223147826962605	-7.06194189890172e-05	 4.39225005255395e-07	 6.95110635717811e-11	-2.63122856836162e-13
     11.7361568573863	   -0.223287747848834	-6.93013295339572e-05	  4.3950042050156e-07	 6.82058853840317e-11	-2.58904009342587e-13
     11.5128002477763	   -0.223425031735113	-6.79824216257663e-05	 4.39770636351255e-07	 6.69082567128498e-11	-2.60458321577062e-13
     11.2893076734569	   -0.223559677000123	-6.66627108698661e-05	  4.4003567101214e-07	 6.56061871495695e-11	-2.61346499996762e-13
     11.0656817738469	    -0.22369168205376	-6.53422128356449e-05	 4.40295510717448e-07	 6.43058939431285e-11	-2.63122856836162e-13
     10.8419251899398	   -0.223821045336937	 -6.4020943097258e-05	 4.40550114610971e-07	  6.3010041628786e-11	-2.59792187762287e-13
     10.6180405642727	   -0.223947765322074	-6.26989172923145e-05	 4.40799549750182e-07	 6.16986461920987e-11	-2.57127652503186e-13
     10.3940305408943	   -0.224071840512498	  -6.137615102118e-05	 4.41043773946603e-07	  6.0394800271979e-11	-2.58237875527811e-13
     10.1698977653347	    -0.22419326944296	 -6.0052659909419e-05	 4.41282779206631e-07	 5.91064974742039e-11	-2.64677169070637e-13
     9.94564488457344	   -0.224312050679278	-5.87284595785618e-05	 4.41516581073387e-07	  5.7791105234628e-11	-2.58459920132736e-13
      9.7212745470087	   -0.224428182818877	-5.74035656714922e-05	 4.41745155566053e-07	 5.65032465260629e-11	-2.64233079860787e-13
     9.49678940242555	   -0.224541664490036	-5.60779938289856e-05	 4.41968515119129e-07	 5.51971801598938e-11	-2.63122856836162e-13
     9.27219210196513	   -0.224652494352673	-5.47517597284776e-05	 4.42186693927482e-07	 5.38675770656027e-11	-2.56461518688411e-13
     9.04748529809303	   -0.224760671097858	-5.34248790064301e-05	 4.42399595179666e-07	 5.25837151599262e-11	-2.63122856836162e-13
     8.82267164456809	   -0.224866193448068	-5.20973673510432e-05	 4.42607322792554e-07	 5.12643261174617e-11	-2.62678767626312e-13
     8.59775379641099	   -0.224969060157058	-5.07692404238751e-05	  4.4280976885247e-07	 4.99729146952177e-11	-2.63122856836162e-13
     8.37273440987299	   -0.225069270010023	-4.94405139107475e-05	 4.43007020844988e-07	 4.86490847606547e-11	-2.58237875527811e-13
     8.14761614240447	   -0.225166821823477	-4.81112035362238e-05	 4.43199058786092e-07	 4.73354688779182e-11	-2.60680366181987e-13
     7.92240165262359	   -0.225261714445335	-4.67813249542547e-05	 4.43385802295637e-07	 4.60493865261924e-11	-2.64233079860787e-13
     7.69709360028489	   -0.225353946754962	-4.54508938944038e-05	  4.4356736506046e-07	 4.47242243239998e-11	-2.61568544601687e-13
     7.47169464624786	   -0.225443517663065	-4.41199260701408e-05	 4.43743653821826e-07	 4.34288160988672e-11	-2.65343302885412e-13
     7.24620745244554	   -0.225530426111857	-4.27884371908876e-05	 4.43914727199513e-07	 4.21049861643041e-11	-2.60680366181987e-13
     7.02063468185306	   -0.225614671074938	-4.14564429843319e-05	 4.44080537231883e-07	 4.08015843333942e-11	-2.62234678416462e-13
     6.79497899845622	   -0.225696251557431	-4.01239591856446e-05	 4.44241123442879e-07	 3.94817512017198e-11	-2.60236276972137e-13
     6.56924306721995	   -0.225775166595747	-3.87910015277047e-05	 4.44396445420381e-07	 3.81756848355508e-11	-2.60902410786912e-13
     6.34342955405703	   -0.225851415258128	-3.74575857492363e-05	 4.44546521372047e-07	 3.68665098449128e-11	-2.62012633811537e-13
     6.11754112579628	   -0.225924996643848	-3.61237276073091e-05	  4.4469135529468e-07	 3.55560025866453e-11	-2.64677169070637e-13
     5.89158045015147	   -0.225995909884154	-3.47894428498118e-05	 4.44830942303298e-07	 3.42348371873413e-11	-2.61124455391837e-13
     5.66555019568938	   -0.226064154141365	-3.34547472262793e-05	 4.44965264634334e-07	  3.2920777215395e-11	-2.60902410786912e-13
     5.43945303179872	   -0.226129728609641	-3.21196565130132e-05	 4.45094332057749e-07	 3.16160431168555e-11	-2.64677169070637e-13
     5.21329162865825	   -0.226192632514529	-3.07841864658515e-05	 4.45218147682169e-07	 3.03010949664895e-11	-2.65343302885412e-13
     4.98706865720544	   -0.226252865113141	-2.94483528672347e-05	 4.45336707066701e-07	 2.89848145484939e-11	-2.64455124465712e-13
     4.76078678910486	   -0.226310425694134	-2.81121714798995e-05	 4.45449997332759e-07	 2.76703104873377e-11	-2.62678767626312e-13
     4.53444869671665	   -0.226365313577736	-2.67756580957305e-05	  4.4555804734614e-07	 2.63464805527747e-11	-2.61790589206612e-13
     4.30805705306495	   -0.226417528115711	-2.54388284945778e-05	 4.45660811809745e-07	 2.50408582758155e-11	-2.64899213675562e-13
     4.08161453180633	   -0.226467068691426	-2.41016984661027e-05	 4.45758330247514e-07	 2.37210251441411e-11	-2.64233079860787e-13
     3.85512380719822	   -0.226513934719807	-2.27642837935512e-05	 4.45850571573203e-07	 2.24056329045652e-11	-2.63788990650937e-13
     3.62858755406734	   -0.226558125647375	-2.14266002815365e-05	 4.45937558435361e-07	 2.10844675052613e-11	-2.62234678416462e-13
     3.40200844777806	   -0.226599640952238	-2.00886637233108e-05	 4.46019273070419e-07	  1.9767298908846e-11	-2.62012633811537e-13
     3.17538916420088	   -0.226638480144104	-1.87504899198632e-05	 4.46095714146111e-07	 1.84563475613686e-11	-2.63566946046012e-13
     2.94873237968076	   -0.226674642764294	-1.74120946743961e-05	 4.46166894985112e-07	 1.71365144296942e-11	-2.63122856836162e-13
     2.72204077100556	   -0.226708128385726	-1.60734937999554e-05	  4.4623281114653e-07	 1.58175694764395e-11	-2.63566946046012e-13
      2.4953170153744	    -0.22673893661294	-1.47347030961454e-05	 4.46293447975421e-07	 1.45030654152833e-11	-2.64233079860787e-13
     2.26856379036605	   -0.226767067082097	-1.33957383764293e-05	 4.46348821014908e-07	   1.318012365914e-11	-2.62456723021387e-13
     2.04178377390732	   -0.226792519461006	-1.20566154544968e-05	 4.46398914277779e-07	 1.18665077764035e-11	-2.63788990650937e-13
     1.81497964424137	   -0.226815293448964	-1.07173501471285e-05	  4.4644374685987e-07	 1.05435660202602e-11	-2.62456723021387e-13
     1.58815407989629	   -0.226835388777214	-9.37795826950742e-06	   4.464832974449e-07	 9.23039422673355e-12	-2.64011035255862e-13
     1.36130975965307	   -0.226852805208232	-8.03845563638072e-06	 4.46517576691008e-07	 7.91100518426902e-12	-2.63344901441087e-13
     1.13444936251443	   -0.226867542536446	-6.69885807235589e-06	 4.46546584598195e-07	 6.59294840943403e-12	-2.63788990650937e-13
    0.907575567672822	   -0.226879600587782	-5.35918139577359e-06	 4.46570318501927e-07	 5.27577981301874e-12	-2.63788990650937e-13
    0.680691054478974	   -0.226888979219837	-4.01944142770795e-06	 4.46588781066737e-07	 3.95505850292466e-12	-2.63788990650937e-13
    0.453798502410182	   -0.226895678321847	-2.67965399121846e-06	 4.46601965631288e-07	 2.63744581729952e-12	-2.63788990650937e-13
    0.226900591038684	   -0.226899697814709	-1.33983490683237e-06	 4.46609877524651e-07	 1.31850086404484e-12	-2.63788990650937e-13
                    0	     -1.0000004920787	                    0	                    0	                    0	                    0
    -43.1208290114516	   -0.171827561836521	 0.000254622300770716	 3.39943461824532e-07	  -1.126085891201e-10	-1.77171832760337e-10
    -43.2924016113337	   -0.171317298740888	 0.000255639683784654	 3.37721441479033e-07	-9.98483518088733e-10	   2.194282533452e-10
    -43.4634629334484	   -0.170805009105791	 0.000256649051490395	  3.3592177306474e-07	 9.85886927651336e-11	-1.00927932678019e-10
    -43.6340109575833	   -0.170290703347775	 0.000257656399064451	 3.35306793664003e-07	-4.06021438692505e-10	 4.34325908571509e-11
    -43.8040436695878	   -0.169774386036188	 0.000258660317642568	 3.34117027600556e-07	-1.88870252770812e-10	-1.89956939067315e-11
    -43.9735590613972	   -0.169256063900275	 0.000259661345546993	 3.33171682243005e-07	-2.83876921969295e-10	 7.90656429217051e-12
    -44.1425551310562	   -0.168735742790112	 0.000260659236400161	 3.32115210888162e-07	-2.44336106902665e-10	-3.68038932663239e-12
    -44.3110298827427	   -0.168213428967427	 0.000261654079213879	 3.31101125849997e-07	-2.62827537511612e-10	 1.32449606837781e-12
    -44.4789813267913	   -0.167689128550325	 0.000262645818869013	 3.30063066877884e-07	-2.56190180181193e-10	-8.57314219615546e-13
    -44.6464074797167	   -0.167162847752419	 0.000263634462354701	 3.29029765877564e-07	-2.60445442989976e-10	 9.48130463029884e-14
    -44.8133063642374	   -0.166634592779721	  0.00026461998992808	 3.27988852077965e-07	-2.59954280323882e-10	-3.35620420344185e-13
    -44.9796760092986	   -0.166104369874796	 0.000265602393403461	 3.26945668760459e-07	-2.61548116498034e-10	-1.43329792479108e-13
     -45.145514450096	   -0.165572185297899	 0.000266581659686476	 3.25898028119553e-07	-2.62293298192162e-10	-2.13051798425568e-13
    -45.3108197280987	   -0.165038045334676	 0.000267557777880954	 3.24846725296979e-07	-2.63321808802175e-10	-1.97952765290665e-13
    -45.4755898910723	    -0.16450195629302	 0.000268530736146881	 3.23791550238539e-07	-2.64305910491203e-10	 -1.7519319328585e-13
    -45.6398229931021	    -0.16396392450417	 0.000269500523208536	 3.22732459201447e-07	-2.65233612850579e-10	  -1.756372824957e-13
     -45.803517094616	   -0.163423956322189	 0.000270467127429399	 3.21669614056219e-07	-2.66102695434256e-10	-2.22377671832419e-13
    -45.9666702624075	    -0.16288205812401	 0.000271430537431949	 3.20603090742111e-07	-2.67170729983945e-10	-1.72306613421824e-13
    -46.1292805696583	   -0.162338236309421	 0.000272390741957245	   3.195325815053e-07	-2.68025601712907e-10	-2.01172412062078e-13
    -46.2913460959614	   -0.161792497300866	 0.000273347729534954	 3.18458498016483e-07	-2.69074540426573e-10	-1.67754699020861e-13
    -46.4528649273435	   -0.161244847543445	 0.000274301488901855	 3.17380518310983e-07	-2.69953392972866e-10	-1.87405646556726e-13
    -46.6138351562877	   -0.160695293504839	 0.000275252008860501	 3.16298722768948e-07	-2.70819811021283e-10	-2.04392058833491e-13
     -46.774254881756	   -0.160143841675251	  0.00027619927806514	 3.15213375401413e-07	-2.71782596428238e-10	-2.06723527185204e-13
    -46.9341222092118	   -0.159590498567158	 0.000277143285428437	 3.14124166678198e-07	-2.72731615069688e-10	-1.77746706242488e-13
    -47.0934352506422	   -0.159035270715617	 0.000278084019759452	  3.1303132019822e-07	-2.73618905310968e-10	-2.08943973234454e-13
    -47.2521921245806	   -0.158478164677653	 0.000279021469917535	 3.11934827967875e-07	-2.74624323282069e-10	-1.75304215588312e-13
    -47.4103909561283	   -0.157919187032713	 0.000279955624902026	 3.10834578742814e-07	-2.75534262073052e-10	-1.79301018476963e-13
    -47.5680298769772	   -0.157358344382227	 0.000280886473641217	 3.09730644465489e-07	-2.76441092239565e-10	-1.78967951569575e-13
    -47.7251070254318	   -0.156795643349648	 0.000281814005135365	  3.0862314370772e-07	 -2.7740387764652e-10	-1.69197988952874e-13
    -47.8816205464308	   -0.156231090580415	 0.000282738208449951	  3.0751181379074e-07	-2.78186362834276e-10	-2.06501482580279e-13
    -48.0375685915693	   -0.155664692741841	 0.000283659072706585	 3.06396946481158e-07	 -2.7915270095491e-10	-1.69197988952874e-13
    -48.1929493191208	   -0.155096456523054	 0.000284576586937028	 3.05278529122432e-07	-2.80049761158807e-10	-1.86850535044414e-13
    -48.3477608940586	   -0.154526388634732	 0.000285490740357263	 3.04156376085274e-07	-2.80905521066188e-10	-1.88626891883814e-13
    -48.5020014880777	   -0.153954495809448	 0.000286401522164004	 3.03030841752872e-07	-2.81897616360993e-10	-1.69864122767649e-13
    -48.6556692796162	   -0.153380784801033	 0.000287308921603741	 3.01901480925792e-07	 -2.8267654883507e-10	-2.00173211339916e-13
    -48.8087624538771	   -0.152805262385087	 0.000288212927988104	 3.00768735694845e-07	-2.83648660115432e-10	-1.70308211977499e-13
    -48.9612792028492	   -0.152227935358355	 0.000289113530597116	 2.99632332945166e-07	-2.84492429614147e-10	-1.83630888273001e-13
    -49.1132177253293	   -0.151648810539052	 0.000290010718804035	 2.98492491612734e-07	-2.85444112790856e-10	-1.58206781009085e-13
    -49.2645762269427	   -0.151067894766543	 0.000290904482029491	 2.97349055822238e-07	-2.86279444594584e-10	-1.84741111297626e-13
    -49.4153529201646	   -0.150485194901351	 0.000291794809674724	 2.96202153027281e-07	-2.87186718850307e-10	-1.68198788230711e-13
    -49.5655460243415	   -0.149900717825129	 0.000292681691331205	 2.95051673981916e-07	-2.88021606564826e-10	-1.86295423532101e-13
    -49.7151537657118	   -0.149314470440463	 0.000293565116360223	 2.93897865599746e-07	-2.88954193905511e-10	-1.73305814143987e-13
    -49.8641743774272	   -0.148726459670831	 0.000294445074497291	   2.927404323394e-07	-2.89833934630224e-10	-1.50990331349021e-13
    -50.0126060995731	   -0.148136692460629	 0.000295321555281455	 2.91579558275856e-07	-2.90647506062669e-10	-1.74860126378462e-13
    -50.1604471791897	   -0.147545175774877	 0.000296194548323725	 2.90415240744579e-07	-2.91481505598767e-10	-1.79078973872038e-13
    -50.3076958702927	   -0.146951916599308	  0.00029706404336542	 2.89247528373338e-07	-2.92368351750838e-10	-1.64090963039598e-13
    -50.4543504338936	   -0.146356921940286	 0.000297930030098212	 2.88076444920904e-07	-2.93267632400784e-10	-1.46660461552983e-13
    -50.6004091380208	   -0.145760198824558	 0.000298792498361494	 2.86901722823529e-07	-2.93943980267386e-10	-1.99840144432528e-13
    -50.7458702577394	   -0.145161754299449	 0.000299651437865573	 2.85723963378004e-07	-2.94945845524808e-10	-1.54321000422897e-13
    -50.8907320751721	   -0.144561595432373	 0.000300506838539911	 2.84542543527166e-07	-2.95658164617407e-10	-1.93844940099552e-13
    -51.0349928795193	   -0.143959729311267	 0.000301358690285637	 2.83357957098218e-07	-2.96590307868883e-10	-1.64090963039598e-13
     -51.178650967079	   -0.143356163044001	 0.000302206982974317	 2.82169957843692e-07	 -2.9736924034296e-10	-1.97397653778353e-13
    -51.3217046412677	   -0.142750903758648	  0.00030305170665777	 2.80978653899311e-07	-2.98274294152634e-10	-1.57429624891847e-13
    -51.4641522126394	   -0.142143958603252	 0.000303892851398343	 2.79783930023925e-07	-2.99094526923227e-10	-1.44662060108658e-13
    -51.6059919989066	   -0.141535334745775	 0.000304730407174769	 2.78585933433106e-07	-2.99841929063405e-10	-1.83852932877926e-13
    -51.7472223249593	   -0.140925039373905	  0.00030556436408435	 2.77384707869643e-07	-3.00692359900268e-10	-1.73749903353837e-13
    -51.8878415228853	   -0.140313079695252	  0.00030639471231573	 2.76180244673796e-07	-3.01580538319968e-10	-1.43662859386495e-13
    -52.0278479319897	   -0.139699462936931	 0.000307221442133076	 2.74972361546943e-07	-3.02302627375184e-10	-1.77968750847413e-13
    -52.1672398988146	   -0.139084196345668	 0.000308044543620993	 2.73761419755658e-07	-3.03201019846711e-10	-1.49436019114546e-13
    -52.3060157771586	    -0.13846728718773	 0.000308864007181781	 2.72547154844816e-07	-3.04026581687822e-10	-1.36557432028894e-13
    -52.4441739280961	   -0.137848742748684	 0.000309679823122906	 2.71329579026869e-07	 -3.0474156531568e-10	-1.70530256582424e-13
     -52.581712719997	    -0.13722857033352	 0.000310491981706293	 2.70109063782442e-07	-3.05673708567156e-10	-1.36335387423969e-13
    -52.7186305285456	    -0.13660677726631	 0.000311300473491703	 2.68885032683741e-07	 -3.0637137271583e-10	-1.49547041417009e-13
    -52.8549257367599	   -0.135983370890446	 0.000312105288866131	 2.67658007979676e-07	-3.07206260430348e-10	-1.37445610448594e-13
    -52.9905967350108	   -0.135358358568198	 0.000312906418277609	 2.66427749862075e-07	-3.07938563537391e-10	-1.58983937126322e-13
    -53.1256419210411	   -0.134731747680948	 0.000313703852305774	 2.65194418425097e-07	-3.08743253185639e-10	-1.57318602589385e-13
    -53.2600596999842	   -0.134103545628838	 0.000314497581529221	 2.63957944834914e-07	-3.09562597777813e-10	-1.39110944985532e-13
    -53.3938484843833	   -0.133473759830889	 0.000315287596595096	 2.62718294230524e-07	-3.10308889694966e-10	-1.46216372343133e-13
    -53.5270066942097	   -0.132842397724785	 0.000316073888163876	 2.61475555651813e-07	-3.11051850943045e-10	-1.66089364483923e-13
     -53.659532756882	    -0.13220946676683	 0.000316856446858688	 2.60229871429374e-07	-3.11906500627401e-10	 -1.4077627952247e-13
    -53.7914251072842	   -0.131574974431824	 0.000317635263628301	 2.58980878076187e-07	-3.12603720686866e-10	-1.49436019114546e-13
    -53.9226821877842	   -0.130938928213098	 0.000318410329146976	 2.57728876462693e-07	-3.13324255429848e-10	 -1.6153745008296e-13
    -54.0533024482528	    -0.13030133562228	 0.000319181634214404	 2.56474022020114e-07	-3.14157588832131e-10	-1.49880108324396e-13
    -54.1832843460811	   -0.129662204189159	 0.000319949169836806	 2.55215946376453e-07	-3.14907211418358e-10	-1.29340982368831e-13
    -54.3126263461996	   -0.129021541461927	 0.000320712926936832	  2.5395483871371e-07	-3.15566017761171e-10	-1.69975145070111e-13
    -54.4413269210954	   -0.128379355006656	  0.00032147289635619	 2.52690924629206e-07	-3.16386028487159e-10	-1.52433621281034e-13
    -54.5693845508314	   -0.127735652407467	 0.000322229069289635	   2.514238868212e-07	-3.17122106352485e-10	-1.50435219836709e-13
    -54.6967977230629	   -0.127090441266472	  0.00032298143671371	 2.50153885827942e-07	 -3.1781932641195e-10	-1.66644475996236e-13
    -54.8235649330568	   -0.126443729203496	 0.000323729989790131	 2.48881017350655e-07	-3.18645332342271e-10	-1.34892097491957e-13
    -54.9496846837082	   -0.125795523856118	 0.000324474719622384	 2.47605108416593e-07	-3.19314130692305e-10	-1.51101353651484e-13
    -55.0751554855591	    -0.12514583287958	 0.000325215617549913	 2.46326197661517e-07	-3.19997806030869e-10	-1.55542245749984e-13
    -55.1999758568151	   -0.124494663946636	 0.000325952674599718	  2.4504460682806e-07	-3.20828252853289e-10	-1.18349774425042e-13
    -55.3241443233635	   -0.123842024747527	   0.0003266858822677	 2.43759944229538e-07	-3.21467519270868e-10	-1.56430424169685e-13
    -55.4476594187904	   -0.123187922989805	 0.000327415231731872	  2.4247255936416e-07	-3.22258442153611e-10	-1.32671651442706e-13
    -55.5705196843983	   -0.122532366398364	 0.000328140714532448	 2.41182163129849e-07	-3.22922133477732e-10	-1.45661260830821e-13
     -55.692723669223	   -0.121875362715228	 0.000328862322031021	 2.39888959807644e-07	-3.23622906250876e-10	-1.51878509768721e-13
     -55.814269930051	   -0.121216919699532	 0.000329580045651773	 2.38593020673861e-07	 -3.2437919017525e-10	-1.39777078800307e-13
    -55.9351570314364	   -0.120557045127387	 0.000330293877041516	 2.37294122129583e-07	-3.25082183394443e-10	-1.21680443498917e-13
    -56.0553835457179	   -0.119895746791878	 0.000331003807696894	  2.3599245313477e-07	-3.25722782079652e-10	-1.54432022725359e-13
    -56.1749480530355	   -0.119233032502782	  0.00033170982917426	 2.34688100286817e-07	-3.26470628309039e-10	-1.43218770176645e-13
    -56.2938491413476	    -0.11856891008674	 0.000332411933218742	 2.33380970326991e-07	-3.27208038441995e-10	-1.29229960066368e-13
    -56.4120854064475	   -0.117903387386863	 0.000333110111589235	 2.32070860306521e-07	-3.27825544488292e-10	-1.28674848554056e-13
    -56.5296554519798	   -0.117236472263046	 0.000333804355930997	 2.30758258501496e-07	-3.28530980198138e-10	-1.46993528460371e-13
    -56.6465578894574	   -0.116568172591278	 0.000334494658049534	 2.29442810306679e-07	-3.29221538919455e-10	-1.23678844943242e-13
    -56.7627913382771	   -0.115898496264247	 0.000335181009915228	 2.28124604539914e-07	-3.29828830913925e-10	-1.49436019114546e-13
    -56.8783544257368	   -0.115227451190665	 0.000335863403260964	 2.26803859915137e-07	-3.30586891195139e-10	-1.18793863634892e-13
    -56.9932457870511	   -0.114555045295502	 0.000336541830132498	 2.25480270010792e-07	-3.31184191182388e-10	-1.37445610448594e-13
    -57.1074640653675	   -0.113881286519869	 0.000337216282462261	 2.24154236283525e-07	-3.31928484698096e-10	 -1.2712053631958e-13
    -57.2210079117827	   -0.113206182820572	 0.000337886752328114	 2.22825330853382e-07	-3.32545990744393e-10	-1.25011112572793e-13
    -57.3338759853583	    -0.11252974217073	 0.000338553231795398	 2.21493936081174e-07	-3.33235439242685e-10	-1.19348975147204e-13
    -57.4460669531367	   -0.111851972558868	 0.000339215712998062	  2.2015984657564e-07	-3.33883365399856e-10	-1.11577413974828e-13
    -57.5575794901567	   -0.111172881989427	 0.000339874188120368	 2.18823105635479e-07	-3.34445138250317e-10	-1.41997524849558e-13
    -57.6684122794695	   -0.110492478482358	 0.000340528649346183	 2.17483919318084e-07	 -3.3516167619041e-10	-1.18016707517654e-13
    -57.7785640121539	   -0.109810770073147	 0.000341179088954544	 2.16142109765727e-07	-3.35788730154718e-10	-1.23012711128467e-13
    -57.8880333873318	   -0.109127764812675	 0.000341825499321072	 2.14797701181269e-07	-3.36379812893028e-10	-1.42885703269258e-13
     -57.996819112184	   -0.108443470767165	 0.000342467872717095	 2.13450881414445e-07	-3.37086580870505e-10	-1.17461596005342e-13
    -58.1049199019648	   -0.107757896018021	 0.000343106201665801	 2.12101420205002e-07	-3.37694761043394e-10	-1.17461596005342e-13
    -58.2123344800175	   -0.107071048661796	 0.000343740478581966	 2.10749405926691e-07	-3.38259864562929e-10	-1.32227562232856e-13
    -58.3190615777897	   -0.106382936810114	 0.000344370695918605	 2.09395096373299e-07	-3.38958860979233e-10	-1.17017506795491e-13
    -58.4250999348479	   -0.105693568589408	 0.000344996846285256	 2.08038166027436e-07	-3.39535510818223e-10	-1.24233956455555e-13
    -58.5304482988925	   -0.105002952141102	 0.000345618922328187	 2.06678789860248e-07	-3.40139916232829e-10	-1.24122934153093e-13
    -58.6351054257728	   -0.104311095621255	 0.000346236916618055	 2.05317043810993e-07	-3.40794725772753e-10	-1.08246744900953e-13
    -58.7390700795013	   -0.103618007200607	 0.000346850821898063	 2.03952827515508e-07	-3.41387140778693e-10	-1.12243547789603e-13
    -58.8423410322687	   -0.102923695064442	 0.000347460630933221	 2.02586139197436e-07	-3.41944916826264e-10	-1.17794662912729e-13
    -58.9449170644581	   -0.102228167412541	 0.000348066336501843	 2.01217088324768e-07	-3.42469830272307e-10	-1.53321799700734e-13
    -59.0467969646597	   -0.101531432458891	 0.000348667931414716	 1.99845778148244e-07	-3.43174377803734e-10	-1.05249142734465e-13
    -59.1479795296846	   -0.100833498431978	 0.000349265408650844	 1.98471930223931e-07	-3.43648220990644e-10	-1.50768286744096e-13
    -59.2484635645798	   -0.100134373574204	 0.000349858761044457	 1.97095984755258e-07	-3.44376083205589e-10	-1.07136521876328e-13
    -59.3482478826415	  -0.0994340661422278	 0.000350447981670083	 1.95717557605057e-07	-3.44933193119346e-10	-1.15130127653629e-13
    -59.4473313054295	  -0.0987325844065101	 0.000351033063593253	 1.94336717829202e-07	-3.45422357383995e-10	-1.33670852164869e-13
    -59.5457126627813	  -0.0980299366515263	 0.000351613999875541	 1.92953706235066e-07	-3.46097595027572e-10	-8.11573031000989e-14
    -59.6433907928254	  -0.0973261311754565	 0.000352190783597852	 1.91568348628657e-07	-3.46566109143964e-10	 -1.2712053631958e-13
    -59.7403645419956	  -0.0966211762901133	 0.000352763407975327	 1.90180890036196e-07	-3.47224471397567e-10	-1.03139718987677e-13
    -59.8366327650442	  -0.0959150803209042	 0.000353331866268076	 1.88790989175125e-07	 -3.4772007495576e-10	-1.15574216863479e-13
    -59.9321943250557	  -0.0952078516068608	 0.000353896151759153	 1.87399086581941e-07	 -3.4838509854751e-10	-9.07052211118753e-14
    -60.0270480934602	  -0.0944994985000752	 0.000354456257801199	 1.86004668889517e-07	-3.48814088724225e-10	-1.12243547789603e-13
    -60.1211929500467	  -0.0937900293662858	 0.000355012177800318	 1.84608200948233e-07	-3.49374751351661e-10	-1.07025499573865e-13
    -60.2146277829765	  -0.0930794525841135	 0.000355563905084491	 1.83209543758167e-07	-3.49872353311298e-10	-1.30118138486068e-13
     -60.307351488796	  -0.0923677765454568	 0.000356111433181047	 1.81808869181843e-07	-3.50505180435334e-10	-1.07802655691103e-13
      -60.39936297245	  -0.0916550096550421	 0.000356654755680575	 1.80405863914324e-07	-3.50965256856739e-10	-1.32893696047631e-13
    -60.4906611472946	  -0.0909411603306169	 0.000357193866152096	 1.79000812838837e-07	-3.51600970560639e-10	-7.34967642301854e-14
    -60.5812449351099	  -0.0902262370026578	 0.000357728758249808	 1.77593475148008e-07	-3.51974893675333e-10	-1.31561428418081e-13
    -60.6711132661129	  -0.0895102481142662	 0.000358259425510079	 1.76184393962941e-07	-3.52684548232673e-10	 -7.7937656328686e-14
    -60.7602650789701	  -0.0887932021212154	 0.000358785861803892	 1.74772976202497e-07	-3.53121532015166e-10	-1.07469588783715e-13
    -60.8486993208097	  -0.0880751074916922	 0.000359308060928971	 1.73359470334589e-07	-3.53620688287037e-10	-9.54791801177635e-14
    -60.9364149472347	  -0.0873559727063825	 0.000359826016661291	 1.71944014581982e-07	-3.54134721547439e-10	-1.04027897407377e-13
    -61.0234109223347	   -0.086635806258074	 0.000360339722855224	 1.70526517240255e-07	-3.54668072688469e-10	-8.35997937542743e-14
    -61.1096862186981	  -0.0859146166519048	 0.000360849173561264	 1.69106850300693e-07	-3.55081519742839e-10	-1.01363362148277e-13
    -61.1952398174248	  -0.0851924124050655	 0.000361354362608325	 1.67685456631261e-07	-3.55659057760249e-10	-9.20374887414255e-14
    -61.2800707081376	  -0.0844692020465761	 0.000361855284102751	 1.66261907574849e-07	-3.56103146970099e-10	 -1.0724754417879e-13
    -61.3641778889943	   -0.083744994117595	 0.000362351932134426	 1.64836518989908e-07	-3.56625173836278e-10	-1.09134923320653e-13
       -61.4475603667	  -0.0830197971708183	 0.000362844300847512	 1.63409118569824e-07	-3.57176954679517e-10	-6.62803145701218e-14
    -61.5302171565181	  -0.0822936197708051	 0.000363332384479058	 1.61979631374543e-07	-3.57493368241535e-10	-1.27953203588049e-13
    -61.6121472822824	   -0.081566470493566	  0.00036381617713301	 1.60548432437402e-07	-3.58060026073304e-10	 -9.1926466438963e-14
    -61.6933497764086	  -0.0808383579267038	 0.000364295673149877	 1.59115364550821e-07	-3.58584273385532e-10	-7.84372566897673e-14
    -61.7738236799054	  -0.0801092906690396	 0.000364770866954147	 1.57680180246089e-07	-3.58960861035484e-10	-9.27591337074318e-14
    -61.8535680423864	  -0.0793792773308981	 0.000365241752802358	 1.56243420201818e-07	-3.59509755298859e-10	-8.04911692853238e-14
    -61.9325819220807	  -0.0786483265334746	 0.000365708325200638	 1.54804535967834e-07	-3.59851926035049e-10	-1.02140518265514e-13
    -62.0108643858444	  -0.0779164469093814	  0.00036617057867534	 1.53364029920056e-07	-3.60409480038015e-10	 -6.4170890823334e-14
    -62.0884145091715	  -0.0771836471019017	 0.000366628507666149	 1.51921589308657e-07	-3.60732554938181e-10	 -1.2134737659153e-13
     -62.165231376205	  -0.0764499357653462	 0.000367082106826036	 1.50477475813204e-07	-3.61279894889321e-10	-7.98250354705488e-14
    -62.2413140797474	  -0.0757153215647693	 0.000367531370773873	 1.49031607166172e-07	-3.61756180566886e-10	-7.99915689242425e-14
    -62.3166617212716	  -0.0749798131758437	 0.000367976294257283	 1.47583828158382e-07	-3.62133878439863e-10	-9.64228696886948e-14
    -62.3912734109316	  -0.0742434192848432	 0.000368416871973041	 1.46134444767299e-07	-3.62631258354895e-10	-7.63833440942108e-14
    -62.4651482675728	  -0.0735061485884917	 0.000368853098755735	 1.44683166669601e-07	-3.62990970614874e-10	-8.62643290133747e-14
    -62.5382854187424	  -0.0727680097938637	 0.000369284969446573	 1.43230333371491e-07	  -3.635061140983e-10	-5.27355936696949e-14
       -62.6106840007	  -0.0720290116182592	 0.000369712478882416	 1.41775720163828e-07	-3.63857166618686e-10	-8.11017919488677e-14
    -62.6823431584276	  -0.0712891627891675	 0.000370135622088625	 1.40319388330923e-07	-3.64197783042641e-10	-1.07081010725096e-13
    -62.7532620456396	  -0.0705484720441545	 0.000370554393997227	 1.38861628418141e-07	-3.64744012770757e-10	 -6.7390537594747e-14
     -62.823439824793	   -0.069806948130585	 0.000370968789744245	  1.3740196580514e-07	-3.65034225069394e-10	-1.07636122237409e-13
     -62.892875667097	  -0.0690645998058761	 0.000371378804358285	 1.35940919077093e-07	-3.65522057066414e-10	-9.08717545655691e-14
    -62.9615687525232	  -0.0683214358369439	 0.000371784433075562	 1.34478052915554e-07	-3.65893759735059e-10	-7.76601005725297e-14
     -63.029518269815	   -0.067577465000597	 0.000372185671095363	 1.33013694170181e-07	-3.66296548648393e-10	-8.02136135291676e-14
    -63.0967234164972	  -0.0668326960829112	 0.000372582513596606	 1.31547717607816e-07	-3.66674357543673e-10	-7.35522753814166e-14
    -63.1631833988855	   -0.066087137879631	 0.000372974955968072	 1.30080303750724e-07	-3.67111452348468e-10	 -6.9333427887841e-14
    -63.2288974320961	  -0.0653407991955742	 0.000373362993517443	 1.28611252980804e-07	-3.67459063177478e-10	-7.81041897823798e-14
    -63.2938647400544	  -0.0645936888450084	 0.000373746621741439	 1.27140686090321e-07	-3.67855523819571e-10	-5.62327961972642e-14
    -63.3580845555049	  -0.0638458156511775	 0.000374125836105208	 1.25668505712717e-07	-3.68103103554063e-10	-1.00919272938427e-13
    -63.4215561200197	  -0.0630971884463506	 0.000374500631993645	 1.24195071671274e-07	-3.68560737484813e-10	-7.22755189030977e-14
    -63.4842786840076	  -0.0623478160717713	 0.000374871005120347	 1.22720073103544e-07	-3.68915120674274e-10	-8.17124146124115e-14
    -63.5462515067232	  -0.0615977073773706	 0.000375236951031783	 1.21243657558168e-07	-3.69270614086759e-10	-8.78186412478499e-14
    -63.6074738562752	  -0.0608468712218571	 0.000375598465502741	 1.19765735440147e-07	-3.69632879859694e-10	-7.33302307764916e-14
    -63.6679450096355	  -0.0600953164725348	  0.00037595554417886	 1.18286430206282e-07	-3.69974606506673e-10	-7.58282325818982e-14
    -63.7276642526475	  -0.0593430520051792	 0.000376308182863769	 1.16805804029063e-07	-3.70399377835895e-10	-4.73510120002629e-14
    -63.7866308800345	  -0.0585900867038679	 0.000376656377405579	 1.15323684934943e-07	-3.70696362494982e-10	-6.16173778666962e-14
     -63.844844195408	  -0.0578364294610947	  0.00037700012366481	 1.13840236237728e-07	-3.70990571596508e-10	-8.01581023779363e-14
    -63.9023035112763	  -0.0570820891774204	 0.000377339417627313	 1.12355478365522e-07	-3.71377817387497e-10	-5.95079541199084e-14
     -63.959008149052	  -0.0563270747615401	 0.000377674255200625	 1.10869463942898e-07	-3.71740305205037e-10	-6.08957329006898e-14
    -64.0149574390607	  -0.0555713951300126	 0.000378004632542043	 1.09381968815825e-07	 -3.7203706781952e-10	-5.09592368302947e-14
    -64.0701507205483	  -0.0548150592074244	 0.000378330545716232	 1.07893287193406e-07	 -3.7233915950452e-10	-7.71049890602171e-14
    -64.1245873416891	  -0.0540580759258736	 0.000378651990771002	 1.06403318045345e-07	-3.72690989181024e-10	-4.90718576884319e-14
    -64.1782666595936	   -0.053300454225387	 0.000378968964087708	 1.04912054710304e-07	 -3.7295277977023e-10	-7.00550728538474e-14
    -64.2311880403159	  -0.0525422030532086	 0.000379281461834077	 1.03419385055759e-07	-3.73120645491554e-10	-1.02862163231521e-13
    -64.2833508588611	  -0.0517833313643828	 0.000379589480236472	  1.0192588928426e-07	-3.73603259440358e-10	-5.22915044598449e-14
     -64.334754499193	   -0.051023848120916	 0.000379893015762053	 1.00430947003183e-07	-3.73877373505138e-10	-5.20694598549198e-14
    -64.3853983542412	  -0.0502637622923212	 0.000380192064818881	 9.89348022950587e-08	-3.74083319876206e-10	-9.05941988094128e-14
     -64.435281825908	  -0.0495030828550685	  0.00038048662382029	 9.74375971574126e-08	-3.74397512992175e-10	-8.63198401646059e-14
    -64.4844043250762	  -0.0487418187926456	 0.000380776689362954	 9.59391862620507e-08	-3.74744124620463e-10	-5.18474152499948e-14
    -64.5327652716151	  -0.0479799790956088	  0.00038106225793899	  9.4439780384814e-08	-3.75109832084775e-10	-4.03566069451244e-14
    -64.5803640943881	  -0.0472175727610249	  0.00038134332621683	 9.29390313597622e-08	-3.75265263308222e-10	-7.93809462606987e-14
    -64.6272002312592	  -0.0464546087929556	 0.000381619890925162	 9.14373258220635e-08	-3.75647291050996e-10	 -2.3037127760972e-14
    -64.6732731290996	  -0.0456910962018323	 0.000381891948787878	  8.9934355074206e-08	-3.75779740657833e-10	 -7.7715611723761e-14
    -64.7185822437941	  -0.0449270440046998	 0.000382159496397227	  8.8430767875014e-08	-3.76331632523375e-10	 1.75415237890775e-14
     -64.763127040248	  -0.0441624612248401	 0.000382422530886277	 8.69256012170361e-08	-3.76274900126816e-10	-1.04305453163533e-13
    -64.8069069923927	  -0.0433973568918844	 0.000382681048997889	 8.54195918997824e-08	-3.76601083651451e-10	-4.60187443707127e-14
    -64.8499215831927	  -0.0426317400417479	 0.000382935047706748	 8.39125979812394e-08	-3.76805475710285e-10	-7.28306304154103e-14
     -64.892170304651	   -0.041865619716126	 0.000383184523939789	 8.24047832193031e-08	-3.77183173583262e-10	-3.86912724081867e-14
    -64.9336526578156	  -0.0410990049628231	  0.00038342947480351	 8.08958096620849e-08	-3.77368802872979e-10	-5.32629496063919e-14
    -64.9743681527852	  -0.0403319048355284	 0.000383669897487025	 7.93859373793282e-08	-3.77648134985975e-10	-4.03288513695088e-14
     -65.014316308715	  -0.0395643283935368	 0.000383905789006855	 7.78750927632466e-08	-3.77831321785038e-10	-5.72875080706581e-14
    -65.0534966538224	  -0.0387962847018565	  0.00038413714672434	 7.63633343225933e-08	-3.78122311239792e-10	-1.65145674912992e-14
    -65.0919087253923	  -0.0380277828309816	 0.000384363967827428	 7.48506702730189e-08	-3.78364783948371e-10	-9.57567358739198e-15
    -65.1295520697832	  -0.0372588318568137	 0.000384586249554172	 7.33371325889465e-08	-3.78520992327935e-10	-3.23630011678233e-14
    -65.1664262424318	  -0.0364894408605577	 0.000384803989502542	 7.18225715568011e-08	-3.78634457121052e-10	-6.23945339839338e-14
     -65.202530807859	   -0.035719618928688	 0.000385017184785787	 7.03075456187641e-08	-3.78958198155033e-10	-5.09869924059103e-14
    -65.2378653396744	  -0.0349493751525719	 0.000385225833164173	 6.87913525587724e-08	-3.79127507166288e-10	-3.37230243729891e-14
    -65.2724294205816	  -0.0341787186288557	 0.000385429932118861	 6.72745106289341e-08	-3.79427156360634e-10	 8.54871728961371e-15
    -65.3062226423832	  -0.0334076584587604	 0.000385629479173732	 6.57567224005007e-08	-3.79501652325587e-10	-4.22717416626028e-14
    -65.3392446059857	  -0.0326362037484601	 0.000385824471907847	 6.42383185534001e-08	-3.79732856270465e-10	-3.02813329966511e-14
    -65.3714949214037	  -0.0318643636087719	 0.000386014908163352	 6.27190870350347e-08	-3.79878573042447e-10	-4.81836792687318e-14
    -65.4029732077651	  -0.0310921471549386	 0.000386200785671511	 6.11990780274851e-08	-3.80145637191021e-10	  1.6153745008296e-14
    -65.4336790933154	  -0.0303195635068635	 0.000386382102193174	 5.96783761852571e-08	 -3.8027092585935e-10	 -1.9151347174784e-14
     -65.463612215422	  -0.0295466217885278	 0.000386558855505142	 5.81569589708231e-08	-3.80367071173282e-10	-5.35127497869325e-14
    -65.4927722205785	  -0.0287733311283763	 0.000386731043644841	 5.66349570574332e-08	-3.80631970386958e-10	-1.54321000422897e-14
    -65.5211587644089	  -0.0279997006588206	 0.000386898664569599	 5.51121311365144e-08	-3.80712017467033e-10	-4.67959004879503e-14
    -65.5487715116718	    -0.02722573951637	 0.000387061716223039	 5.35888163288867e-08	-3.80943776523424e-10	-2.66175970153881e-14
    -65.5756101362641	  -0.0264514568413836	 0.000387220196742743	 5.20647800983376e-08	 -3.8106623412304e-10	 -4.5546899585247e-14
    -65.6016743212251	  -0.0256768617780506	 0.000387374104229874	 5.05401984707277e-08	-3.81300324647782e-10	-5.57887069874141e-15
      -65.62696375874	  -0.0249019634742247	 0.000387523436967459	 4.90147986087486e-08	-3.81329356979876e-10	-3.86357612569554e-14
    -65.6514781501438	  -0.0241267710814044	 0.000387668193000775	 4.74890905211023e-08	-3.81531251036904e-10	-3.50830475781549e-14
    -65.6752172059247	  -0.0233512937544348	 0.000387808370734306	 4.59627132742835e-08	-3.81722986553257e-10	 1.47104550762833e-15
    -65.6981806457274	   -0.022575540651705	 0.000387943968550863	 4.44357991513655e-08	-3.81860765230613e-10	-3.71924713249427e-15
    -65.7203681983566	  -0.0217995209346729	 0.000388074984747158	 4.29083484299042e-08	-3.81963016771181e-10	-1.60704782814491e-14
    -65.7417796017802	  -0.0210232437680603	 0.000388201417853196	 4.13803090126841e-08	-3.81954301520437e-10	-6.74460487459783e-14
    -65.7624146031321	  -0.0202467183195866	   0.0003883232663802	 3.98518365252176e-08	-3.82182174796242e-10	 8.60422844084496e-16
    -65.7822729587157	  -0.0194699537600386	 0.000388440528805164	 3.83230410461177e-08	-3.82328446679736e-10	-1.31145094783847e-14
    -65.8013544340062	  -0.0186929592626844	 0.000388553203826477	 3.67935938105912e-08	-3.82398612774892e-10	-1.74166236988071e-14
    -65.8196588036539	  -0.0179157440039315	 0.000388661290042143	 3.52638249434545e-08	-3.82486209371535e-10	-3.64708263589364e-14
    -65.8371858514865	  -0.0171383171624997	 0.000388764786234914	 3.37336614197881e-08	-3.82660569897553e-10	-4.01068067645838e-15
    -65.8539353705117	  -0.0163606879197079	 0.000388863691215535	 3.22029752863884e-08	-3.82687992406261e-10	-3.20438120482436e-14
      -65.86990716292	  -0.0155828654592634	 0.000388958003692783	 3.06720459863907e-08	-3.82846060409392e-10	-1.14769305170626e-14
    -65.8851010400863	  -0.0148048589671816	 0.000389047722639496	 2.91406899721736e-08	-3.82901460538321e-10	-2.53685961126848e-14
    -65.8995168225731	  -0.0140266776315654	  0.00038913284704687	 2.76089700823601e-08	-3.83033160744617e-10	 3.24740234702858e-15
    -65.9131543401317	  -0.0132483306426779	 0.000389213375790541	 2.60768719950732e-08	-3.83012593863086e-10	 -3.4708347307344e-14
    -65.9260134317048	  -0.0124698271927046	 0.000389289307983997	 2.45446154928386e-08	-3.83188536456913e-10	 2.98372437868011e-15
    -65.9380939454281	  -0.0116911764756294	 0.000389360642729197	 2.30118927108114e-08	-3.83170717377368e-10	 -1.8846035843012e-14
    -65.9493957386322	  -0.0109123876872698	 0.000389427379194639	  2.1479019451931e-08	-3.83268972115047e-10	-1.15601972439094e-14
    -65.9599186778446	   -0.010133470024956	 0.000389489516523484	 1.99458289606991e-08	-3.83324705310883e-10	 2.45636844198316e-15
    -65.9696626387905	 -0.00935443268770868	 0.000389547054086644	 1.84124122337703e-08	-3.83313103480276e-10	-3.83512666068953e-14
    -65.9786275063951	 -0.00857528487574294	 0.000389599991061136	 1.68789189708418e-08	-3.83503659384665e-10	 2.10872985739741e-14
    -65.9868131747843	 -0.00779603579077288	 0.000389648327007058	 1.53449726536525e-08	-3.83399201275836e-10	-3.89410725887274e-14
    -65.9942195472865	 -0.00701669463563319	  0.00038969206114058	 1.38111576342137e-08	-3.83535855852379e-10	-2.40155118014229e-14
    -66.0008465364334	 -0.00623727061414104	 0.000389731193157953	 1.22768646915183e-08	-3.83545681326147e-10	 5.96744875736022e-16
    -66.0066940639611	 -0.00545777293141221	 0.000389765722484099	 1.07427328907561e-08	-3.83665960113078e-10	 1.26634813746307e-15
     -66.011762060811	 -0.00467821079290228	 0.000389795648699542	  9.2080624514157e-09	-3.83484924371125e-10	-4.85514406456389e-14
    -66.0160504671306	 -0.00389859340549826	  0.00038982097149189	 7.67377923704959e-09	-3.83727959130109e-10	  6.8139938136369e-15
    -66.0195592322746	 -0.00311892997605451	 0.000389841690530013	 6.13907764207555e-09	-3.83693937733298e-10	  2.9767854847762e-15
    -66.0222883148047	 -0.00233922971252243	 0.000389857805629072	 4.60433169716112e-09	-3.83678987886382e-10	 3.88231113923609e-15
     -66.024237682491	 -0.00155950182296574	 0.000389869316589064	 3.06951247926179e-09	 -3.8365954857511e-10	 3.64291929955129e-17
    -66.0254073123115	-0.000779755515888227	 0.000389876223169578	 1.53473376889035e-09	-3.83656885774575e-10	-4.93789037436798e-15
    -66.0257971904531	                    0	    0.007572805076142	                    0	                    0	                    0
 0.22690092599781
 0.22690092599781
0.226900925997815
0.226900925997816
0.226900925997816
 0.22690092599781
0.226900925997815
0.226900925997818
0.226900925997838
0.226900925997817
0.226900925997819
0.226900925997809
0.226900925997818
0.226900925997812
0.226900925997819
0.226900925997811
0.226900925997813
0.226900925997812
0.226900925997817
0.226900925997809
0.226900925997815
0.226900925997817
0.226900925997816
0.226900925997815
0.226900925997815
0.226900925997809
0.226900925997815
0.226900925997846
0.226900925997811
 0.22690092599782
0.226900925997804
0.226900925997815
0.226900925997825
0.226900925997814
 0.22690092599781
0.226900925997808
0.226900925997814
0.226900925997815
0.226900925997822
0.226900925997815
0.226900925997812
0.226900925997812
0.226900925997814
0.226900925997813
0.226900925997847
0.226900925997814
0.226900925997812
0.226900925997814
0.226900925997822
0.226900925997809
0.226900925997816
0.226900925997809
0.226900925997816
 0.22690092599781
0.226900925997823
0.226900925997811
0.226900925997813
0.226900925997822
0.226900925997802
0.226900925997823
0.226900925997813
0.226900925997814
0.226900925997843
0.226900925997817
0.226900925997809
0.226900925997818
0.226900925997814
 0.22690092599781
0.226900925997815
0.226900925997818
0.226900925997812
0.226900925997819
0.226900925997818
0.226900925997809
0.226900925997815
0.226900925997822
0.226900925997807
0.226900925997815
0.226900925997815
0.226900925997812
0.226900925997846
0.226900925997809
0.226900925997821
0.226900925997811
0.226900925997817
0.226900925997818
0.226900925997805
0.226900925997815
 0.22690092599782
0.226900925997808
0.226900925997824
0.226900925997811
0.226900925997806
0.226900925997824
0.226900925997814
0.226900925997814
 0.22690092599781
0.226900925997844
0.226900925997816
0.226900925997814
0.226900925997812
0.226900925997816
0.226900925997812
0.226900925997818
0.226900925997811
0.226900925997815
0.226900925997815
0.226900925997815
0.226900925997814
0.226900925997814
0.226900925997815
0.226900925997814
0.226900925997812
0.226900925997816
0.226900925997846
0.226900925997785
0.226900925997847
0.226900925997783
0.226900925997843
0.226900925997814
 0.22690092599781
0.226900925997819
0.226900925997814
0.226900925997811
0.226900925997816
0.226900925997813
0.226900925997817
 0.22690092599781
0.226900925997819
0.226900925997809
0.226900925997815
0.226900925997846
0.226900925997785
0.226900925997842
0.226900925997816
0.226900925997815
 0.22690092599781
0.226900925997815
0.226900925997816
0.226900925997817
0.226900925997813
0.226900925997817
0.226900925997813
0.226900925997812
0.226900925997814
0.226900925997814
0.226900925997815
0.226900925997818
0.226900925997811
0.226900925997816
 0.22690092599784
0.226900925997788
0.226900925997843
0.226900925997783
0.226900925997849
0.226900925997812
0.226900925997813
0.226900925997811
0.226900925997821
0.226900925997813
0.226900925997815
0.226900925997814
0.226900925997813
0.226900925997814
0.226900925997817
 0.22690092599781
0.226900925997816
0.226900925997843
0.226900925997783
0.226900925997847
0.226900925997812
0.226900925997816
0.226900925997784
0.226900925997842
0.226900925997818
0.226900925997812
0.226900925997813
0.226900925997816
0.226900925997816
0.226900925997813
0.226900925997815
0.226900925997814
0.226900925997812
0.226900925997814
0.226900925997813
0.226900925997817
0.226900925997844
0.226900925997785
0.226900925997843
0.226900925997813
0.226900925997814
0.226900925997813
0.226900925997817
0.226900925997814
0.226900925997813
0.226900925997815
0.226900925997814
0.226900925997815
0.226900925997813
0.226900925997815
0.226900925997815
0.226900925997841
0.226900925997787
0.226900925997814
0.226900925997813
0.226900925997845
0.226900925997784
0.226900925997842
0.226900925997816
0.226900925997816
0.226900925997813
0.226900925997814
0.226900925997814
0.226900925997814
0.226900925997814
0.226900925997814
0.226900925997816
0.226900925997815
0.226900925997814
0.226900925997813
0.226900925997844
0.226900925997785
0.226900925997844
0.226900925997784
0.226900925997843
0.226900925997815
0.226900925997814
0.226900925997814
0.226900925997815
0.226900925997814
0.226900925997814
0.226900925997815
0.226900925997814
0.226900925997815
0.226900925997814
0.226900925997815
0.226900925997814
0.226900925997814
0.226900925997814
0.226900925997815
0.226900925997814
0.226900925997844
0.226900925997785
0.226900925997843
0.226900925997815
0.226900925997814
0.226900925997814
0.226900925997814
0.226900925997814
0.226900925997822
