                   30	    0.236565554007415	 -0.00125106805772567	 -3.2439566983733e-06	 1.30762285444064e-08	 -4.8004296093751e-09
     30.2353112502688	    0.234053714324619	  -0.0012607694747451	-3.23965610693477e-06	-1.09258841973769e-08	 5.80001335848124e-09
     30.4681009503367	    0.231522441703349	 -0.00127049599823366	-3.22535943730884e-06	 1.80741621669256e-08	-2.63822275137215e-09
     30.6983496861183	    0.228971832734108	 -0.00128009001379797	-3.17944505612289e-06	 4.88301932222157e-09	 1.16179932341254e-09
     30.9260382554384	    0.226402139712416	 -0.00128958743285689	-3.14829496605995e-06	 1.06920188258641e-08	-4.81814144137616e-10
     31.1511476696332	    0.223813560320801	 -0.00129897298378382	-3.11034499134166e-06	 8.28295787513866e-09	 2.25984120305611e-10
     31.3736591551341	    0.221206317580016	  -0.0013082520611738	-3.07495330043039e-06	  9.4128820293804e-09	 -7.9003914521536e-11
     31.5935541550336	    0.218580625854277	 -0.00131742123382147	-3.03809184076798e-06	 9.01785757179141e-09	 5.21023224564487e-11
     31.8108143306321	    0.215936705443054	 -0.00132648088117399	-3.00149940102301e-06	 9.27835985820025e-09	-4.57966997657877e-12
     32.0254215629684	    0.213274776273033	 -0.00133542975501491	-2.96443174541139e-06	 9.25548793162534e-09	  1.9616086532892e-11
     32.2373579543298	    0.210595060587808	 -0.00134426732116328	-2.92721364170134e-06	 9.35351351927238e-09	 8.97548702027962e-12
     32.4466058297453	     0.20789778176349	 -0.00135299275125224	-2.88970980921732e-06	 9.39840205660403e-09	 1.33344446595629e-11
     32.6531477384594	    0.205183164791838	 -0.00136160535692389	-2.85198287031108e-06	 9.46504696841544e-09	 1.12270193142194e-11
     32.8569664553877	    0.202451436045689	 -0.00137010440298448	-2.81401038559892e-06	 9.52120204900098e-09	 1.19009246901669e-11
     33.0580449825532	    0.199702823352888	 -0.00137848918792063	-2.77580651508735e-06	 9.58070689449642e-09	 1.13915543664689e-11
     33.2563665505037	    0.196937555937285	 -0.00138675900930777	-2.73736978217975e-06	 9.63767865513887e-09	 1.13744569318897e-11
      33.451914619711	    0.194155864416914	 -0.00139491317883843	-2.69870529101546e-06	 9.69454472254938e-09	 1.11557429960385e-11
     33.6446728819495	     0.19135798077731	 -0.00140295101588472	-2.65981553959627e-06	 9.75031611005761e-09	 1.10276232589968e-11
     33.8346252616567	    0.188544138355333	  -0.0014108718503297	-2.62070411327642e-06	 9.80547376627783e-09	 1.08246744900953e-11
     34.0217559172739	    0.185714571818357	 -0.00141867502157828	-2.58137393016611e-06	  9.8596060205125e-09	 1.06930020393747e-11
      34.206049242567	    0.182869517145296	 -0.00142635987880237	-2.54182862424734e-06	 9.91304549557981e-09	 1.05246922288416e-11
     34.3874898679285	    0.180009211606615	 -0.00143392578115441	-2.50207128349444e-06	 9.96566962285783e-09	 1.03361763592602e-11
     34.5660626616586	    0.177133893744824	  -0.0014413720976268	-2.46210531162916e-06	 1.00174273320874e-08	 1.01707531285911e-11
     34.7417527312281	    0.174243803354201	 -0.00144869820728682	-2.42193383481748e-06	  1.0068253786244e-08	 1.00230934663159e-11
     34.9145454245195	    0.171339181461246	 -0.00145590349903638	-2.38156062826178e-06	 1.01184300937973e-08	 9.82924852621636e-12
     35.0844263310493	    0.168420270304162	 -0.00146298737204775	-2.34098861251475e-06	 1.01675814434543e-08	 9.68558566682987e-12
     35.2513812831701	    0.165487313312983	 -0.00146994923554289	-2.30022147640341e-06	 1.02160289117137e-08	  9.4902974367983e-12
     35.4153963572516	    0.162540555089036	 -0.00147678850889343	-2.25926244645791e-06	  1.0263500715979e-08	 9.34918809036844e-12
     35.5764578748421	    0.159580241384652	  -0.0014835046217348	-2.21811499789837e-06	 1.03101873705214e-08	 9.16200448841664e-12
     35.7345524038094	    0.156606619082753	 -0.00149009701398629	-2.17678260838738e-06	 1.03560395814384e-08	 8.97326657423037e-12
     35.8896667594606	    0.153619936175983	   -0.001496565135839	-2.13526854486723e-06	 1.04009267865024e-08	 8.81128503493755e-12
     36.0417880056419	    0.150620441746433	 -0.00150290844779713	-2.09357664004983e-06	 1.04450421645197e-08	 8.65463256616295e-12
     36.1909034558176	    0.147608385944361	 -0.00150912642091932	-2.05170996436799e-06	 1.04882382778726e-08	 8.47388825775397e-12
     36.3370006741278	    0.144584019967948	 -0.00151521853664716	-2.00967228991544e-06	 1.05306119380089e-08	 8.29392110546223e-12
     36.4800674764257	    0.141547596041703	 -0.00152118428690697	-1.96746690184213e-06	 1.05720490140015e-08	 8.11906097908377e-12
     36.6200919312938	    0.138499367395972	 -0.00152702317412776	-1.92509758090154e-06	 1.06126902821302e-08	 7.93098919871227e-12
     36.7570623610386	    0.135439588245391	 -0.00153273471141664	-1.88256756827876e-06	 1.06523674325842e-08	 7.74880160037128e-12
     36.8909673426652	    0.132368513768068	 -0.00153831842243049	-1.83988056567941e-06	 1.06911322017567e-08	 7.58582086035631e-12
      37.021795708829	    0.129286400083968	   -0.001543773841476	-1.79704017222448e-06	 1.07290745177124e-08	 7.39364125479369e-12
     37.1495365487677	    0.126193504233763	 -0.00154910051360891	-1.75404984781302e-06	 1.07660091952511e-08	 7.25419724290077e-12
     37.2741792092113	    0.123090084157311	 -0.00155429799455375	-1.71091336009788e-06	  1.0802237770946e-08	 7.02471414371075e-12
       37.39571329527	    0.119976398672199	 -0.00155936585096127	 -1.6676340017785e-06	 1.08373618967761e-08	 6.87416790157158e-12
     37.5141286713014	    0.116852707452086	 -0.00156430366005523	-1.62421575611305e-06	 1.08717417290904e-08	 6.67998989456464e-12
     37.6294154617561	    0.113719271005077	 -0.00156911101007316	-1.58066198707729e-06	 1.09051108143632e-08	 6.52355947039496e-12
     37.7415640520008	    0.110576350652028	 -0.00157378750013348	-1.53697638727301e-06	 1.09376416812523e-08	  6.3199445676787e-12
     37.8505650891203	    0.107424208504769	 -0.00157833274024567	-1.49316255737553e-06	 1.09691911109877e-08	 6.15019146721352e-12
     37.9564094826976	    0.104263107444117	 -0.00158274635127025	-1.44922432854244e-06	 1.09999400699223e-08	 5.94546634147264e-12
      38.059088405572	    0.101093311098082	 -0.00158702796516027	-1.40516513935651e-06	 1.10296864974657e-08	 5.75939296254546e-12
     38.1585932945752	   0.0979150838198831	 -0.00159117722486664	-1.36098879921498e-06	 1.10585212098613e-08	 5.58442181386454e-12
     38.2549158512455	   0.0947286906657617	 -0.00159519378429225	 -1.3166989338842e-06	 1.10864220026485e-08	 5.39979172486937e-12
     38.3480480425199	   0.0915343973730588	 -0.00159907730856561	-1.27229917357141e-06	 1.11133586777612e-08	 5.22670795533031e-12
     38.4379821014038	   0.0883324703379767	 -0.00160282747366547	-1.22779355815616e-06	 1.11395657143021e-08	  4.9977799676526e-12
     38.5247105276191	    0.085123176593223	 -0.00160644396696991	-1.18318528385952e-06	 1.11645885869649e-08	 4.85023132767992e-12
     38.6082260882295	   0.0819067837860383	 -0.00160992648678698	-1.13847845506498e-06	 1.11887832332513e-08	 4.66959804157341e-12
     38.6885218182438	   0.0786835601555793	 -0.00161327474275433	-1.09367662393112e-06	 1.12120615014533e-08	 4.46587211655469e-12
     38.7655910211965	    0.075453774510774	 -0.00161648845559899	-1.04878358797578e-06	 1.12343692126871e-08	 4.29062341211761e-12
     38.8394272697067	   0.0722176962077442	 -0.00161956735724032	-1.00380324741245e-06	 1.12558424802955e-08	 4.09350331409541e-12
     38.9100244060139	   0.0689755951273589	 -0.00162251119099277	-9.58739020617827e-07	 1.12762958970336e-08	 3.88949983332054e-12
     38.9773765424915	     0.06572774165294	 -0.00162531971138278	-9.13594833673592e-07	 1.12957453390905e-08	 3.73889808003014e-12
     39.0414780621377	   0.0624744066473528	 -0.00162799268402236	-8.68374634199753e-07	 1.13144525970554e-08	 3.50042217434066e-12
     39.1023236190443	   0.0592158614307179	 -0.00163052988620522	-8.23081745648935e-07	 1.13319607031315e-08	 3.34909877608425e-12
     39.1599081388424	   0.0559523777576575	 -0.00163293110618707	-7.77720370326307e-07	 1.13486833264176e-08	 3.14909209819803e-12
     39.2142268191253	   0.0526842277946526	  -0.0016351961437069	-7.32294187288929e-07	 1.13644524901702e-08	  2.9588553829285e-12
     39.2652751298495	   0.0494116840972797	  -0.0016373248099653	-6.86806818916974e-07	  1.1379221898089e-08	 2.77056155795208e-12
      39.313048813712	   0.0461350195876335	 -0.00163931692738588	-6.41262123679542e-07	 1.13929955469771e-08	 2.59586796502731e-12
     39.3575438865057	   0.0428545075314525	 -0.00164117232982434	-5.95664109870331e-07	 1.14059776068487e-08	 2.37831976335201e-12
     39.3987566374516	    0.039570421515275	 -0.00164289086250535	-5.50016386102747e-07	 1.14179298238426e-08	 2.19171902848814e-12
     39.4366836295081	   0.0362830354237836	 -0.00164447238216794	-5.04322748451358e-07	 1.14288913888316e-08	 2.01644256847544e-12
     39.4713216996578	    0.032992623416851	 -0.00164591675690071	-4.58587046003878e-07	 1.14389187011454e-08	 1.82415194061036e-12
     39.5026679591715	   0.0296994599067071	 -0.00164722386628491	-4.12813128181089e-07	 1.14480424584507e-08	 1.62181379437243e-12
     39.5307197938485	   0.0264038195350303	 -0.00164839360119652	 -3.6700477165641e-07	 1.14561243269584e-08	 1.45303213905379e-12
     39.5554748642351	   0.0231059771500858	 -0.00164942586423557	-3.21165778860433e-07	 1.14633201819814e-08	 1.24583676708312e-12
     39.5769311058197	   0.0198062077837879	  -0.0016503205691928	-2.75300040930571e-07	 1.14695470898596e-08	 1.05390696170105e-12
     39.5950867292049	   0.0165047866287371	  -0.0016510776414938	 -2.2941137087229e-07	 1.14748438528878e-08	 8.51652082189958e-13
     39.6099402202565	   0.0132019890152704	   -0.001651697018027	-1.83503479078695e-07	 1.14791020855431e-08	   6.755568326966e-13
       39.62149034023	  0.00989809038856555	 -0.00165217864709615	-1.37580323647524e-07	  1.1482462841661e-08	 4.69686789461576e-13
     39.6297361258741	  0.00659336628560216	 -0.00165252248859311	-9.16456331656601e-08	 1.14848114629584e-08	  2.8888696990137e-13
     39.6346768895106	   0.0032880923122066	 -0.00165272851373495	-4.57034239030596e-08	 1.14862629407853e-08	 1.00645186629222e-13
      39.636312219092	-1.74558799800442e-05	  -0.0016527967054226	  2.4263427725324e-10	 1.14867661563101e-08	-1.05132916261574e-13
     39.6346419782359	 -0.00332300261638353	 -0.00165272705797424	 4.61887198419109e-08	 1.14862429151374e-08	-2.78627815264443e-13
     39.6296663062362	 -0.00662827222259396	  -0.0016525195771435	 9.21309052104302e-08	  1.1484849751775e-08	-4.94972118847414e-13
     39.6213856180517	 -0.00993298904724095	   -0.001652174280279	 1.38065348667671e-07	 1.14824697250437e-08	-6.74557631974437e-13
     39.6098006042713	  -0.0132368774852469	 -0.00165169119616028	 1.83988410784597e-07	 1.14790966176948e-08	-8.73967564984923e-13
     39.5949122310566	   -0.016539662000319	 -0.00165107036508818	 2.29896067738267e-07	 1.14747473189958e-08	-1.04373454323792e-12
     39.5767217400609	  -0.0198410671485216	  -0.0016503118388385	 2.75784548975366e-07	 1.14695295483358e-08	-1.26479382522859e-12
     39.5552306483264	  -0.0231408176007562	 -0.00164941568066187	 3.21650059309508e-07	 1.14632500713974e-08	-1.42863498808765e-12
     39.5304407481568	  -0.0264386381660461	 -0.00164838196527001	 3.67488737829103e-07	  1.1456071313809e-08	-1.63202784619898e-12
     39.5023541069687	  -0.0297342538142477	 -0.00164721077894918	 4.13296773971172e-07	 1.14479117852007e-08	-1.81243908770057e-12
     39.4709730671184	  -0.0330273896992384	 -0.00164590221928082	 4.59070345848467e-07	 1.14388056804415e-08	-2.00192640242847e-12
      39.436300245707	  -0.0363177711815493	 -0.00164445639542841	  5.0480554791843e-07	 1.14287932451163e-08	-2.19813056645535e-12
     39.3983385343622	  -0.0396051238515811	 -0.00164287342800648	 5.50498769680274e-07	   1.141775562985e-08	-2.37945774195225e-12
     39.3570910989967	  -0.0428891735521597	 -0.00164115344895818	 5.96145924181002e-07	 1.14058535949368e-08	 -2.5756063948279e-12
     39.3125613795448	  -0.0461696464017657	 -0.00163929660181966	 6.41743546914153e-07	  1.1392903731533e-08	-2.76401124210679e-12
     39.2647530896749	  -0.0494462688169693	 -0.00163730304139606	 6.87287529776981e-07	 1.13790989964002e-08	-2.97195601461908e-12
     39.2136702164802	  -0.0527187675356375	 -0.00163517293393317	 7.32774309675222e-07	 1.13641983601198e-08	-3.12794234957892e-12
      39.159317020146	  -0.0559868696394211	 -0.00163290645709364	 7.78199821138692e-07	 1.13485538744129e-08	-3.35659278150047e-12
     39.1016980335945	   -0.059250302576711	 -0.00163050379987257	 8.23560507789978e-07	 1.13318091576886e-08	-3.51940698806175e-12
     39.0408180621067	  -0.0625087941852932	  -0.0016279651626889	 8.68852540469867e-07	 1.13141933599792e-08	-3.73268083109224e-12
     38.9766821829217	  -0.0657620727149417	 -0.00162529075723501	 9.14072034952085e-07	   1.129562621216e-08	-3.91314758374506e-12
     38.9092957448133	  -0.0690098668503673	 -0.00162248080650335	 9.59215342266617e-07	 1.12760696335812e-08	-4.08906242199691e-12
     38.8386643676438	  -0.0722519057335116	 -0.00161953554494822	 1.00427867810726e-06	 1.12556255427165e-08	-4.29672963875305e-12
     38.7647939418953	  -0.0754879189863551	 -0.00161645521812763	 1.04925828825486e-06	  1.1234150054662e-08	-4.45460335285475e-12
     38.6876906281788	  -0.0787176367334204	 -0.00161324008290955	 1.09415031490645e-06	  1.1211858774729e-08	-4.66471306026506e-12
       38.60736085672	  -0.0819407896241822	 -0.00160989040746014	 1.13895112574536e-06	 1.11885467557471e-08	-4.83724171829181e-12
     38.5238113268232	  -0.0851571088557236	 -0.00160640647117387	 1.18365700152445e-06	 1.11643394529182e-08	-5.03785901884157e-12
     38.4370490063126	  -0.0883663261949007	 -0.00160278856451136	 1.22826405513088e-06	 1.11391926793658e-08	-5.20250509339348e-12
     38.3470811309512	  -0.0915681740010013	 -0.00159903698921695	 1.27276866368486e-06	 1.11131925883967e-08	-5.41833244938061e-12
     38.2539152038375	  -0.0947623852477625	  -0.0015951520582533	 1.31716723705821e-06	 1.10861444468924e-08	-5.58708634912364e-12
     38.1575589947792	   -0.097948693545916	 -0.00159113409554675	 1.36145594431536e-06	  1.1058210569459e-08	-5.77105030430403e-12
     38.0580205396462	   -0.101126833165191	 -0.00158698343615965	 1.40563101735935e-06	 1.10294136046463e-08	-5.96844795808238e-12
     37.9553081396993	   -0.104296539056643	 -0.00158270042630878	  1.4496889815252e-06	 1.09996287633862e-08	-6.15563156003418e-12
     37.8494303608988	   -0.107457546874583	 -0.00157828542314971	 1.49362601331582e-06	 1.09688920169049e-08	-6.31206198420386e-12
     37.7403960331896	   -0.110609592998832	 -0.00157373879487834	 1.53743851316612e-06	 1.09372586543088e-08	-6.49447162714978e-12
     37.6282142497652	    -0.11375241455649	 -0.00156906092073058	 1.58112279269318e-06	 1.09047026963793e-08	-6.65456578730073e-12
     37.5128943663088	   -0.116885749444031	 -0.00156425219068074	 1.62467501763075e-06	 1.08714193203241e-08	-6.88427093109567e-12
     37.3944460002137	   -0.120009336349086	 -0.00155931300595483	 1.66809201584961e-06	 1.08369695439592e-08	-7.02349289838367e-12
     37.2728790297806	   -0.123122914772188	 -0.00155424377832515	 1.71136965887442e-06	 1.08018518574227e-08	-7.23854309825356e-12
     37.1482035933943	    -0.12622622504864	 -0.00154904493062214	 1.75450470174532e-06	 1.07657003312056e-08	-7.40607575266949e-12
     37.0204300886781	   -0.129319008370016	 -0.00154371689637719	 1.79749336837176e-06	 1.07286655115502e-08	-7.57394147399282e-12
     36.8895691716261	   -0.132401006805869	 -0.00153826012001659	 1.84033226946489e-06	 1.06907154240332e-08	-7.76489983422834e-12
     36.7556317557155	   -0.135471963325058	 -0.00153267505656351	 1.88301760539744e-06	   1.065188648397e-08	-7.93509702390338e-12
     36.6186290109954	   -0.138531621817495	 -0.00152696217177663	  1.9255458820755e-06	 1.06121924581259e-08	-8.11217759633109e-12
     36.4785723631561	   -0.141579727115197	   -0.001521121942097	 1.96791351014802e-06	 1.05716608800321e-08	-8.30147062202968e-12
     36.3354734925757	   -0.144616025013719	 -0.00151515485461459	  2.0101171507303e-06	 1.05301038999528e-08	-8.44546654832357e-12
     36.1893443333461	   -0.147640262293309	 -0.00150906140699051	 2.05215305437711e-06	 1.04878283835319e-08	-8.64941451794721e-12
     36.0401970722781	   -0.150652186740063	 -0.00150284210735269	 2.09401780537632e-06	  1.0444623832484e-08	-8.82305339899858e-12
     35.8880441478843	   -0.153651547166968	 -0.00149649747442677	 2.13570809415309e-06	 1.04004524992263e-08	-8.99069707571698e-12
     35.7328982493424	   -0.156638093434689	 -0.00149002803733686	 2.17722010065202e-06	 1.03555297670255e-08	-9.16311471144127e-12
     35.5747723154369	   -0.159611576472753	 -0.00148343433548948	 2.21855055104747e-06	 1.03096775561085e-08	-9.32254273777744e-12
     35.4136795334795	   -0.162571748299987	 -0.00147671691899588	 2.25969607514642e-06	  1.0263001115618e-08	-9.51527745485237e-12
     35.2496333382101	   -0.165518362045316	 -0.00146987634791205	 2.30065302075921e-06	 1.02154653625064e-08	-9.67070867829989e-12
     35.0826474106757	   -0.168451171968575	 -0.00146291319276522	  2.3414181773429e-06	 1.01670805108256e-08	-9.85189707591871e-12
     34.9127356770898	   -0.171369933480507	 -0.00145582803427012	 2.38198792512634e-06	 1.01178896372289e-08	-1.00155439497485e-11
     34.7399123076708	   -0.174274403163799	 -0.00144862146331319	 2.42235917435885e-06	 1.00677883807521e-08	-1.01905150984294e-11
     34.5641917154605	   -0.177164338792694	 -0.00144129408096457	 2.46252842406314e-06	 1.00168371375275e-08	-1.03554942398887e-11
     34.3855885551217	   -0.180039499353785	 -0.00143384649822613	 2.50249220501431e-06	 9.96510740591816e-09	-1.05229158720022e-11
     34.2041177217165	   -0.182899645065804	 -0.00142627933619479	 2.54224734419495e-06	 9.91247617321278e-09	-1.06763486940054e-11
     34.0197943494636	   -0.185744537399643	  -0.0014185932260708	 2.58179053203023e-06	 9.85901271732814e-09	 -1.0831335828243e-11
     33.8326338104766	    -0.18857393909829	 -0.00141078880871426	 2.62111821314193e-06	 9.80488845669925e-09	 -1.1035838909379e-11
     33.6426517134817	   -0.191387614196712	 -0.00140286673510521	 2.66022750938788e-06	 9.74973701772797e-09	-1.11686215831241e-11
     33.4498639025159	   -0.194185328041281	 -0.00139482766584452	 2.69911480899054e-06	 9.69390301364115e-09	-1.13391518397066e-11
     33.2542864556062	   -0.196966847309636	 -0.00138667227138798	 2.73777700354749e-06	 9.63722168734193e-09	-1.14894760372408e-11
     33.0559356834279	   -0.199731940029952	 -0.00137840123193776	 2.77621101441028e-06	  9.5797005883469e-09	-1.16533449556755e-11
     32.8548281279451	   -0.202480375600258	 -0.00137001523722407	 2.81441329708088e-06	 9.52149559196869e-09	-1.18216547662087e-11
     32.6509805610306	    -0.20521192480793	 -0.00136151498657531	 2.85238101227492e-06	 9.46235445553611e-09	-1.19602105996819e-11
     32.4444099830675	   -0.207926359848436	 -0.00135290118901361	 2.89011080134571e-06	 9.40253386261247e-09	-1.21409549080909e-11
     32.2351336215312	   -0.210623454344619	 -0.00134417456281225	 2.92759955167199e-06	 9.34187438517142e-09	-1.22823973214281e-11
     32.0231689295529	    -0.21330298336551	 -0.00133533583573684	 2.96484410799991e-06	 9.28047816373123e-09	-1.24453780614431e-11
     31.8085335844638	   -0.215964723444972	 -0.00132638574500327	 3.00184152335348e-06	 9.21820575428001e-09	-1.25779386905833e-11
      31.591245486321	   -0.218608452600481	 -0.00131732503697754	 3.03858851458116e-06	 9.15527964551188e-09	 -1.2753575973079e-11
     31.3713227564146	   -0.221233950351538	 -0.00130815446729399	 3.07508211649932e-06	 9.09151642858319e-09	-1.28894672712931e-11
     31.1487837357565	   -0.223840997738165	 -0.00129887480074608	 3.11131922225982e-06	 9.02707020244975e-09	-1.30599975278756e-11
     30.9236469835508	   -0.226429377339008	 -0.00128948681125812	 3.14729687156401e-06	 8.96181484577596e-09	-1.32025501642374e-11
      30.695931275646	   -0.228998873289664	 -0.00127999128177729	  3.1830121125509e-06	 8.89579476748281e-09	 -1.3351986183352e-11
     30.4656556029691	   -0.231549271300456	 -0.00127038900418827	 3.21846185347141e-06	 8.82903528065526e-09	-1.34829925002578e-11
     30.2328391699419	   -0.234080358674552	 -0.00126068077924714	 3.25364310471699e-06	 8.76160832774531e-09	-1.36430866604087e-11
     29.9975013928792	   -0.236591924325505	 -0.00125086741670994	 3.28855313558307e-06	 8.69339045195261e-09	-1.37938549471528e-11
     29.7596618983697	   -0.239083758794932	 -0.00124094973490089	 3.32318884010974e-06	 8.62446247751336e-09	-1.39321887360211e-11
     29.5193405216392	   -0.241555654270023	 -0.00123092856093183	  3.3575473898928e-06	 8.55481641082179e-09	-1.40709666140992e-11
     29.2765573048964	   -0.244007404600811	 -0.00122080473057064	 3.39162594187314e-06	 8.48445003143183e-09	-1.42077460907331e-11
     29.0313324956612	   -0.246438805317356	 -0.00121057908811816	  3.4254216507712e-06	 8.41339753421266e-09	-1.43605127789215e-11
     28.7836865450764	   -0.248849653646858	  -0.0012002524863871	 3.45893171704859e-06	 8.34158209173097e-09	-1.44784184641367e-11
      28.533640106202	   -0.251239748530538	 -0.00118982578652468	 3.49215321637786e-06	 8.26920310004198e-09	-1.46511691667683e-11
     28.2812140322927	    -0.25360889064039	 -0.00117929985816879	 3.52508359613424e-06	  8.1959816711219e-09	-1.47610812462062e-11
      28.026429375059	   -0.255956882395807	 -0.00116867557909888	  3.5577199311021e-06	 8.12216072176852e-09	-1.49036338825681e-11
     27.7693073829112	   -0.258283527980092	 -0.00115795383537345	 3.59005954297942e-06	 8.04766520090539e-09	 -1.5043077894461e-11
     27.5098694991879	    -0.26058863335676	 -0.00114713552118591	  3.6220998098635e-06	 7.97247201589357e-09	-1.51789691926751e-11
     27.2481373603671	   -0.262872006285713	 -0.00113622153871224	 3.65383798062169e-06	  7.8965953775878e-09	-1.52968748778903e-11
      26.984132794262	   -0.265133456339294	 -0.00112521279816929	 3.68527141159092e-06	 7.82009701438824e-09	-1.54316559530798e-11
     26.7178778182006	   -0.267372794918176	  -0.0011141102176697	 3.71639751506336e-06	 7.74293074101706e-09	-1.55575552440723e-11
     26.4493946371896	   -0.269589835267031	 -0.00110291472311636	 3.74721363938235e-06	 7.66515295680392e-09	-1.56936685868914e-11
     26.1787056420626	   -0.271784392490201	 -0.00109162724822062	   3.777717330955e-06	 7.58666729439028e-09	-1.58086876922425e-11
     25.9058334076123	   -0.273956283567024	 -0.00108024873431485	 3.80790593057512e-06	 7.50760964507435e-09	-1.59467994365059e-11
     25.6308006907086	   -0.276105327367168	 -0.00106878013033166	 3.83777694823451e-06	 7.42791428365308e-09	-1.60704782814491e-11
     25.3536304283999	   -0.278231344665678	 -0.00105722239270778	 3.86732791923805e-06	 7.34756611109333e-09	-1.61801683162821e-11
     25.0743457360008	   -0.280334158157976	 -0.00104557648535607	 3.89655631893859e-06	  7.2666646033781e-09	-1.63105084993731e-11
     24.7929699051641	   -0.282413592474615	 -0.00103384337951764	 3.92545982830228e-06	 7.18509785002652e-09	-1.64275260061686e-11
     24.5095264019385	   -0.284469474195923	 -0.00102202405372325	  3.9540359617618e-06	 7.10294578709636e-09	-1.65463198698035e-11
     24.2240388648112	   -0.286501631866425	 -0.00101011949362162	 3.98228228171149e-06	  7.0202439417244e-09	-1.66748836960551e-11
      23.936531102737	   -0.288509896009225	-0.000998130692058353	 4.01019653972767e-06	  6.9368910615708e-09	-1.67770242143206e-11
     23.6470270931524	   -0.290494099140036	-0.000986058648857216	 4.03777633595226e-06	 6.85300349800855e-09	 -1.6900258970054e-11
     23.3555509799759	    -0.29245407578123	-0.000973904370830279	  4.0650194210734e-06	 6.76850842040722e-09	-1.70023994883195e-11
     23.0621270715948	   -0.294389662475601	-0.000961668871537622	 4.09192342010201e-06	  6.6834910938951e-09	-1.71123115677574e-11
     22.7667798388375	   -0.296300697800015	-0.000949353171454482	  4.1184861836463e-06	 6.59793553126065e-09	-1.72395431263794e-11
     22.4695339129329	   -0.298187022378835	-0.000936958297691724	 4.14470554144231e-06	 6.51175025012662e-09	-1.73350223064972e-11
     22.1704140834563	   -0.300048478897268	-0.000924485283918295	 4.17057922641462e-06	 6.42505693093653e-09	-1.74438241629105e-11
      21.869445296262	    -0.30188491211441	-0.000911935170331244	 4.19610500701495e-06	 6.33786712000983e-09	-1.75521819301139e-11
     21.5666526514025	   -0.303696168876352	 -0.00089930900362816	 4.22128097632424e-06	 6.25006180143828e-09	-1.76449965749725e-11
      21.262061401036	   -0.305482098128653	-0.000886607836783295	 4.24610480509457e-06	 6.16183637447421e-09	 -1.7765122706237e-11
     20.9556969473194	   -0.307242550929296	-0.000873832729008188	  4.2705744998095e-06	 6.07305583599782e-09	-1.78581593957006e-11
     20.6475848402908	    -0.30897738046087	-0.000860984745753979	 4.29468813312184e-06	 5.98372995597174e-09	-1.79560810664725e-11
     20.3377507757381	   -0.310686442042846	-0.000848064958535883	 4.31844354187305e-06	 5.89396265127107e-09	-1.80604420307873e-11
     20.0262205930561	   -0.312369593143741	-0.000835074444742539	 4.34183879427508e-06	 5.80366243951858e-09	-1.81434867130292e-11
      19.713020273092	   -0.314026693392918	-0.000822014287822258	 4.36487193944401e-06	 5.71293412576779e-09	-1.82569515061459e-11
     19.3981759359778	   -0.315657604592284	-0.000808885576969216	  4.3875411281924e-06	 5.62165780593205e-09	-1.83402182329928e-11
      19.081713838953	   -0.317262190727917	-0.000795689407037059	 4.40984435767788e-06	 5.52995427227643e-09	-1.84345871900859e-11
      18.763660374174	   -0.318840317981263	 -0.00078242687858451	 4.43177985376408e-06	 5.43775957595471e-09	-1.85200743629821e-11
     18.4440420665132	   -0.320391854740443	-0.000769099097664046	   4.453345714861e-06	 5.34514743577574e-09	-1.86144433200752e-11
     18.1228855713473	   -0.321916671611097	-0.000755707175777032	 4.47454019170124e-06	 5.25206544921275e-09	-1.86939352886384e-11
      17.800217672334	   -0.323414641427295	-0.000742252229751469	 4.49536143021234e-06	 5.15860865135664e-09	-1.87962978515088e-11
     17.4760652791782	   -0.324885639262042	-0.000728735381767966	  4.5158078876284e-06	 5.06463049276817e-09	-1.88735693740227e-11
     17.1504554253881	   -0.326329542437772	-0.000715157759057907	 4.53587770676833e-06	 4.97025709478294e-09	-1.89523952087711e-11
     16.8234152660202	   -0.327746230536491	-0.000701520493922349	 4.55556918232958e-06	 4.87549556282829e-09	-1.90323312665441e-11
     16.4949720754155	   -0.329135585409974	-0.000687824723733063	 4.57488080751745e-06	 4.78029615891273e-09	-1.91147098149713e-11
     16.1651532449238	   -0.330497491189407	-0.000674071590681709	 4.59381088990796e-06	 4.68469263381621e-09	-1.91833215978932e-11
     15.8339862806201	   -0.331831834295258	-0.000660262241689472	  4.6123578205659e-06	 4.58872850828129e-09	-1.92617033434317e-11
     15.5014988010104	   -0.333138503446562	-0.000646397828480301	 4.63052009047615e-06	 4.49240289412955e-09	-1.93489668731672e-11
     15.1677185347285	   -0.334417389670396	-0.000632479507284825	 4.64829622481844e-06	 4.39564917797952e-09	-1.94151361654349e-11
     14.8326733182233	   -0.335668386310761	-0.000618508438865133	 4.66568466928052e-06	 4.29857660577682e-09	-1.94968485800473e-11
     14.4963910934374	   -0.336891389037671	-0.000604485788369086	  4.6826840249814e-06	 4.20110435328525e-09	-1.95581328910066e-11
     14.1588999054769	   -0.338086295855699	-0.000590412725245465	 4.69929285706883e-06	 4.10329370481577e-09	-1.96269667185334e-11
     13.8202279002725	   -0.339253007112586	-0.000576290423182804	 4.71550979241897e-06	 4.00514288401155e-09	-1.96953564568503e-11
      13.480403322232	   -0.340391425507467	-0.000562120059896578	 4.73133341127863e-06	 3.90668741800937e-09	-1.97659666412164e-11
      13.139454511885	   -0.341501456099117	-0.000547902817201184	 4.74676251371875e-06	 3.80785003528672e-09	 -1.9820589614028e-11
     12.7974099035192	   -0.342583006313675	-0.000533639880763449	 4.76179571595736e-06	 3.70873376454028e-09	-1.98863148170858e-11
     12.4542980228093	   -0.343635985952557	-0.000519332440077477	 4.77643179586096e-06	 3.60929419684908e-09	-1.99436023251565e-11
     12.1101474844378	   -0.344660307199854	-0.000504981688353003	 4.79066954328644e-06	 3.50956153027937e-09	-2.00048866361158e-11
     11.7649869897087	   -0.345655884629712	-0.000490588822402082	 4.80450773432395e-06	 3.40955175204272e-09	-2.00675032147046e-11
     11.4188453241538	   -0.346622635213434	-0.000476155042556535	 4.81794529294532e-06	 3.30920624236342e-09	-2.01123562248995e-11
     11.0717513551322	    -0.34756047832641	-0.000461681552561269	 4.83098099524071e-06	 3.20864312897129e-09	-2.01745287142785e-11
     10.7237340294227	   -0.348469335754851	 -0.00044716955946419	 4.84361384378573e-06	 3.10777270584595e-09	 -2.0223378527362e-11
     10.3748223708098	   -0.349349131702252	-0.000432620273526346	 4.85584269549477e-06	 3.00668379082936e-09	-2.02788896785933e-11
     10.0250454776631	   -0.350199792795894	-0.000418034908122915	 4.86766663199134e-06	 2.90529378332849e-09	-2.03206340643192e-11
      9.6744325205107	   -0.351021248092667	-0.000403414679663578	 4.87908462032394e-06	  2.8036772903306e-09	-2.03650429853042e-11
      9.3230127396063	   -0.351813429085253	-0.000388760807397358	 4.89009567239407e-06	 2.70184052908462e-09	-2.04112282631286e-11
     8.97081544249075	   -0.352576269707707	-0.000374074513447862	 4.90069891956324e-06	 2.59976928873584e-09	-2.04529726488545e-11
     8.61787000154783	   -0.353309706341053	-0.000359357022609195	 4.91089345633355e-06	 2.49748843828002e-09	-2.04978256590493e-11
     8.26420585155462	   -0.354013677818435	-0.000344609562284696	 4.92067843715915e-06	 2.39499708953872e-09	-2.05382377771457e-11
     7.90985248722679	   -0.354688125430396	-0.000329833362372827	 4.93005305779448e-06	 2.29229080161986e-09	-2.05719885570943e-11
      7.5548394607588	   -0.355332992929647	-0.000315029655175981	 4.93901649756268e-06	 2.18942464158545e-09	-2.06141770320301e-11
     7.19919637935929	   -0.355948226535899	-0.000300199675278615	 4.94756805791141e-06	 2.08634975962241e-09	 -2.0647039633559e-11
     6.84295290278187	   -0.356533774940117	-0.000285344659477134	 4.95570698166858e-06	  1.9831229991496e-09	-2.06847872163962e-11
      6.4861387408517	   -0.357089589309055	-0.000270465846634579	 4.96343264666521e-06	 1.87969551035394e-09	-2.07087680337281e-11
     6.12878365098764	   -0.357615623289145	-0.000255564477609687	 4.97074433880584e-06	 1.77614811747162e-09	-2.07429629028866e-11
     5.77091743572063	   -0.358111833010456	 -0.00024064179513486	 4.97764149942626e-06	  1.6724337470464e-09	-2.07696082554776e-11
      5.4125699402082	   -0.358578177090341	 -0.00022569904373284	 4.98412352856192e-06	 1.56858614985822e-09	-2.07962536080686e-11
     5.05377104974545	   -0.359014616636873	-0.000210737469589673	 4.99018990751665e-06	 1.46460266137183e-09	-2.08211226038202e-11
     4.69455068727267	   -0.359421115252025	  -0.0001957583204623	 4.99584010871246e-06	 1.36049660426352e-09	-2.08419947966831e-11
     4.33493881087995	   -0.359797639034845	-0.000180762845575281	 5.00107367651381e-06	 1.25627686031748e-09	-2.08628669895461e-11
     3.97496541130862	   -0.360144156584156	-0.000165752295512383	 5.00589015306474e-06	 1.15196296945896e-09	 -2.0883739182409e-11
     3.61466050945018	   -0.360460639001308	-0.000150727922115846	 5.01028915955715e-06	 1.04754160901166e-09	-2.09006145723833e-11
     3.25405415384256	   -0.360747059892395	-0.000135690978389244	 5.01427032295609e-06	 9.43036759792903e-10	-2.09170458731478e-11
     2.89317641816422	   -0.361003395370641	-0.000120642718367752	 5.01783330664196e-06	 8.38451086337955e-10	-2.09299244602335e-11
     2.53205739872604	   -0.361229624058284	-0.000105584397039481	 5.02097780996635e-06	 7.33799687679948e-10	-2.09428030473191e-11
     2.17072721196138	   -0.361425727088462	-9.05172702344732e-05	 5.02370357846615e-06	 6.29087004710982e-10	-2.09539052775654e-11
      1.8092159919144	   -0.361591688106616	-7.54425945150596e-05	 5.02601038743222e-06	 5.24317478323155e-10	 -2.0961010704923e-11
     1.44755388772701	   -0.361727493272026	-6.03616270673946e-05	 5.02789803435988e-06	 4.19507983906442e-10	  -2.096989248912e-11
     1.08577106112449	   -0.361833131258856	-4.52756256128119e-05	 5.02936637181151e-06	 3.14660297817682e-10	 -2.0975665648848e-11
    0.723897683900077	   -0.361908593257213	-3.01858482799615e-05	 5.03041526744852e-06	 2.09790407268429e-10	 -2.0978774273317e-11
    0.361963935398663	   -0.361953872973703	-1.50935535219992e-05	 5.03104464266713e-06	 1.04898312258683e-10	-2.09796624517367e-11
                    0	    -1.00000347492958	                    0	                    0	                    0	                    0
    -25.9043866938206	    0.273967753188127	  0.00108007783252389	 -3.7593469119912e-06	-6.11296790964388e-10	-6.00155281027526e-09
    -25.6293426287597	     0.27611659835947	  0.00106873610848148	-3.82180764235684e-06	-3.06190779397753e-08	 6.82582990130243e-09
    -25.3521611398927	    0.278242516806352	  0.00105715522938322	-3.87602567064604e-06	 3.51011486543484e-09	-3.09775227691489e-09
    -25.0728653434703	    0.280345197739807	  0.00104551723553876	-3.89296271263717e-06	-1.19786403018907e-08	 1.36492728231019e-09
    -24.7914785320713	    0.282424512232821	  0.00103378012483312	-3.92722796860312e-06	-5.15402831524625e-09	-5.64576385642113e-10
    -24.5080241726602	    0.284480267359578	  0.00102196187099486	 -3.9534898550464e-06	-7.97694799103965e-09	 2.66731969844614e-10
    -24.2225259046297	    0.286512300057879	  0.00101005620705725	-3.98273031354535e-06	-6.64327437505108e-09	-9.10573838552864e-11
    -23.9350075378295	    0.288520437252673	  0.00099806724590061	-4.01021398532819e-06	-7.09858305469879e-09	 6.31665830752581e-11
    -23.6454930505803	    0.290504513024017	 0.000985994644110363	-4.03797665926575e-06	-6.78274414411817e-09	-3.07820435807571e-12
    -23.3540065876746	    0.292464361235877	 0.000973839986885132	-4.06513842721168e-06	-6.79813627613157e-09	 2.56077381521891e-11
    -23.0605724583628	     0.29439981872987	  0.00096160403886035	-4.09207491225416e-06	-6.67011335053758e-09	 1.34250388583723e-11
    -22.7652151343257	    0.296310723969531	 0.000949287927699186	-4.11862114235717e-06	-6.60301413546449e-09	 1.88191684458161e-11
    -22.4679592476338	    0.298196917643543	 0.000936892634380275	  -4.144844989451e-06	-6.50890363829149e-09	 1.66529012801675e-11
    -22.1688295886931	    0.300058242424963	 0.000924419212514233	-4.17071408431724e-06	-6.42563513508776e-09	 1.77351466845721e-11
    -21.8678511041776	    0.301894543093893	 0.000911868693803374	-4.19623926184443e-06	 -6.3369549607728e-09	 1.74311676204297e-11
    -21.5650488949487	    0.303705666503049	 0.000899242128601875	-4.22141278244581e-06	 -6.2498282105139e-09	 1.77053927075121e-11
     -21.260448213962	    0.305491461611123	 0.000886540568336674	-4.24623500139276e-06	-6.16126971664244e-09	 1.77302617032637e-11
    -20.9540744641611	    0.307251779486344	 0.000873765073014487	-4.27070275943464e-06	-6.07261618768007e-09	  1.7868595492132e-11
    -20.6459531963592	    0.308986473322988	 0.000860916707726819	-4.29481445651803e-06	-5.98330629486554e-09	  1.7966517162904e-11
    -20.3361101071083	    0.310695398451685	 0.000847996544184728	-4.31856800853225e-06	-5.89349369306547e-09	 1.80599979415774e-11
    -20.0245710365559	    0.312378412352348	 0.000835005659795835	-4.34196136822607e-06	-5.80319881038349e-09	 1.81505921403868e-11
    -19.7113619662901	    0.314035374665778	 0.000821945138004818	-4.36499262379542e-06	-5.71243319313908e-09	 1.82482917665538e-11
    -19.3965090171732	    0.315666147205446	 0.000808816068023934	-4.38765986610079e-06	-5.62116841962279e-09	 1.83359993854992e-11
    -19.0800384471624	    0.317270593968904	 0.000795619544777736	-4.40996113226788e-06	-5.52948442589241e-09	 1.84363635469253e-11
    -18.7619766491209	    0.318848581149291	 0.000782356668836143	 -4.4318946850197e-06	-5.43731104585277e-09	 1.85378379313761e-11
    -18.4423501486162	    0.320399977146364	 0.000769028546289704	-4.45345859478863e-06	-5.34467048396436e-09	 1.86146653646801e-11
    -18.1211856017082	    0.321924652577559	 0.000755636288638344	-4.47465110031686e-06	-5.25160093189925e-09	 1.87081461433536e-11
     -17.798509792726	     0.32342248028867	 0.000742181012811867	-4.49547043857024e-06	-5.15807396794798e-09	 1.87847515320527e-11
    -17.4743496320343	     0.32489333536459	 0.000728663840899646	-4.51591483674463e-06	-5.06415620549205e-09	 1.88813409351951e-11
    -17.1487321537889	     0.32633709513967	 0.000715085900259446	-4.53598269212208e-06	-4.96974106312109e-09	 1.89466220490431e-11
    -16.8216845136824	    0.327753639207885	 0.000701448323204026	-4.55567220747355e-06	-4.87497331391751e-09	 1.90343296679885e-11
    -16.4932339866795	    0.329142849432945	   0.0006877522470879	-4.57498175432391e-06	-4.77981831892293e-09	 1.91218152423289e-11
    -16.1634079647419	    0.330504609958194	 0.000673998814129645	-4.59390979079544e-06	-4.68422012289693e-09	 1.91928695159049e-11
    -15.8322339545444	    0.331838807216155	 0.000660189171356381	-4.61245476390815e-06	-4.58821780568996e-09	 1.92679205923696e-11
    -15.4997395751806	    0.333145329938052	  0.00064632447044029	-4.63061499100803e-06	-4.49188242157561e-09	 1.93463023379081e-11
    -15.1659525558596	    0.334424069163156	 0.000632405867636786	-4.64838907054954e-06	-4.39513314631768e-09	 1.94142479870152e-11
    -14.8309007335936	    0.335674918247753	 0.000618434523764752	-4.66577545488178e-06	-4.29806412682865e-09	 1.94955163124177e-11
    -14.4946120508761	    0.336897772874149	 0.000604411603974008	-4.68277276421958e-06	 -4.2005883216234e-09	 1.95612415154756e-11
    -14.1571145533518	    0.338092531059258	 0.000590338277765738	-4.69937953972988e-06	-4.10277500861866e-09	 1.96287430753728e-11
    -13.8184363874775	    0.339259093163208	 0.000576215718786368	-4.71559436165947e-06	-4.00463484595548e-09	 1.96953564568503e-11
    -13.4786057981748	    0.340397361897635	   0.0005620451048455	 -4.7314159523637e-06	-3.90614296463809e-09	 1.97610816599081e-11
    -13.1376511264746	    0.341507242333708	 0.000547827617742291	-4.74684293738648e-06	-3.80734199723065e-09	 1.98285832198053e-11
    -12.7956008071536	    0.342588641910146	 0.000533564443156966	-4.76187403686268e-06	-3.70821418016476e-09	  1.9885870727876e-11
    -12.4524833663627	    0.343641470440928	 0.000519256770618374	-4.77650802999108e-06	-3.60877017158145e-09	 1.99444905035762e-11
     -12.108327419248	    0.344665640122712	 0.000504905793355634	-4.79074366488419e-06	-3.50903306411965e-09	 2.00035543684862e-11
    -11.7631616675646	     0.34566106554232	 0.000490512708194342	-4.80457976381743e-06	-3.40900641049302e-09	 2.00626182333963e-11
    -11.4170148972828	    0.346627663683695	 0.000476078715492093	-4.81801517171476e-06	-3.30869465159367e-09	 2.01181293846275e-11
    -11.0699159761874	    0.347565353934989	 0.000461605018992992	 -4.8310487770209e-06	-3.20809512288633e-09	 2.01691996437603e-11
    -10.7218938514701	      0.3484740580951	  0.00044709282578126	-4.84367946373965e-06	-3.10724956875674e-09	 2.02238226165719e-11
    -10.3729775473157	    0.349353700380399	  0.00043254334612915	-4.85590620868948e-06	-3.00614289017176e-09	  2.0279777857013e-11
    -10.0231961624813	    0.350204207430848	 0.000417957793441814	-4.86772800156743e-06	-2.90476176445509e-09	 2.03237426887881e-11
    -9.67257886786942	    0.351025508316297	 0.000403337384098269	-4.87914382762966e-06	-2.80314349510036e-09	 2.03663752529337e-11
    -9.32115490409562	    0.351817534542271	 0.000388683337413817	 -4.8901527267553e-06	-2.70131117474648e-09	  2.0413004619968e-11
    -8.96895357904956	    0.352580220055744	 0.000373996875499172	-4.90075381742727e-06	-2.59924348711138e-09	 2.04600780762121e-11
    -8.61600426545092	    0.353313501250607	 0.000359279223188624	-4.91094621235533e-06	-2.49695375487136e-09	 2.05027106403577e-11
    -8.26233639839979	    0.354017316973049	 0.000344531607857309	-4.92072901359109e-06	-2.39445885341638e-09	 2.05382377771457e-11
    -7.90797947292182	    0.354691608526585	 0.000329755259445955	-4.93010146085382e-06	 -2.2917561182112e-09	 2.05737649139337e-11
    -7.55296304150843	     0.35533631967694	  0.00031495141026417	-4.93906273923983e-06	-2.18887841185733e-09	 2.06137329428202e-11
    -7.19731671165223	    0.355951396656791	 0.000300121294919063	-4.94761212266326e-06	-2.08580708260797e-09	 2.06474837227688e-11
     -6.8410701433778	     0.35653678817029	 0.000285266150185338	-4.95574885528427e-06	-1.98257854577832e-09	 2.06834549487667e-11
    -6.48425304676808	    0.357092445397193	 0.000270387214974564	-4.96347234157923e-06	-1.87915460969634e-09	 2.07118766581971e-11
    -6.12689517948669	    0.357618321997046	 0.000255485730135692	-4.97078185190958e-06	-1.77559478231615e-09	 2.07398542784176e-11
    -5.76902634429622	    0.358114374113091	 0.000240562938410541	-4.97767682139383e-06	-1.67188307642618e-09	 2.07696082554776e-11
    -5.41067638657265	    0.358580560375754	 0.000225620084343816	-4.98415666339014e-06	-1.56803459105959e-09	 2.07966976972784e-11
    -5.05187519181646	    0.359016841906304	 0.000210658414108226	-4.99022084277101e-06	-1.46404577350268e-09	 2.08180139793512e-11
    -4.69265268316011	    0.359423182319901	 0.000195679175488991	-4.99586884217251e-06	-1.35994948635698e-09	 2.08437711535225e-11
    -4.33303881887267	    0.359799547728765	 0.000180683617704264	-5.00110019485689e-06	-1.25573507148147e-09	 2.08646433463855e-11
    -3.97306358986127	    0.360145906744972	  0.00016567299135638	-5.00591448293619e-06	-1.15140874612507e-09	 2.08828510039893e-11
    -3.61275701716995	     0.36046223048303	 0.000150648548291115	-5.01031128230522e-06	-1.04699093839145e-09	 2.09010586615932e-11
      -3.252149149476	    0.360748492562307	 0.000135611541510502	-5.01429023636035e-06	 -9.4248520099427e-10	 2.09161576947281e-11
    -2.89127006058399	    0.361004669109247	 0.000120563225058769	-5.01785101025831e-06	-8.37897751182481e-10	 2.09299244602335e-11
    -2.53014984691766	    0.361230738759406	 0.000105504853935287	-5.02099330113026e-06	-7.33253457951832e-10	 2.09450234933684e-11
    -2.16881862500993	    0.361426682659087	 9.04376839654413e-05	-5.02371686339487e-06	 -6.2853100502025e-10	 2.09530170991457e-11
    -1.80730652899132	     0.36159248446706	 7.53629717188057e-05	-5.02602145857622e-06	-5.23763254989262e-10	 2.09618988833427e-11
     -1.4456437080768	    0.361728130355881	  6.0281974385341e-05	-5.02790688949872e-06	-4.18954648750969e-10	 2.09694483999101e-11
     -1.0838603240514	    0.361833609013021	 4.51959496839297e-05	-5.02937301316564e-06	-3.14106074483789e-10	 2.09743333812185e-11
   -0.721986548754845	    0.361908911641798	 3.01061557534239e-05	-5.03041969279749e-06	-2.09237072112956e-10	 2.09783301841071e-11
   -0.360052561565245	    0.361954031962164	 1.50138510420679e-05	-5.03104685201095e-06	 -1.0434408892479e-10	 2.09796624517367e-11
  0.00191145311774448	    0.361968966211212	-7.97057856646034e-08	-5.03125443485075e-06	 5.53335155473178e-13	 2.09801065409465e-11
     0.36387530839027	     0.36195371314346	-1.51732559673419e-05	-5.03104241955654e-06	 1.05450759235737e-10	 2.09783301841071e-11
    0.725808817361772	    0.361908274030963	 -3.0265540736417e-05	-5.03041083277367e-06	 2.10342854245482e-10	 2.09743333812185e-11
     1.08768179567248	    0.361832652663227	-4.53553014337482e-05	-5.02935971979923e-06	 3.15215409329994e-10	 2.09685602214904e-11
     1.44946406401074	    0.361726855346906	-6.04412796126575e-05	-5.02788916767472e-06	 4.20057766348236e-10	 2.09623429725525e-11
     1.81112545062989	    0.361590890905235	-7.55222171366559e-05	 -5.0259993047419e-06	 5.24869037121789e-10	 2.09534611883555e-11
     2.17263579386451	    0.361424770677295	-9.05968562961956e-05	-5.02369028598793e-06	 6.29636787152776e-10	  2.0943247136529e-11
      2.5339649446458	    0.361228508517091	-0.000105663939900144	 -5.0209623041475e-06	 7.34351246478582e-10	  2.0931256727863e-11
     2.89508276901597	    0.361002120792459	-0.000120722211390473	-5.01781559236747e-06	 8.39007086028687e-10	 2.09166017839379e-11
     3.25595915064137	    0.360745626383517	-0.000135770414952648	 -5.0142503944528e-06	 9.43589206769957e-10	 2.09010586615932e-11
     3.61656399332403	    0.360459046681279	-0.000150807295594795	-5.01026703192409e-06	 1.04809672052397e-09	 2.08819628255696e-11
     3.97686722351166	    0.360142405585797	-0.000165831599280065	-5.00586581519968e-06	  1.1525056464734e-09	 2.08668637924347e-11
     4.33683879280574	    0.359795729504157	-0.000180842073024259	-5.00104712575222e-06	 1.25683108365138e-09	 2.08428829751028e-11
     4.69644868046742	    0.359419047348272	-0.000195837464982348	-4.99581136681471e-06	 1.36104905124057e-09	 2.08211226038202e-11
     5.05566689592121	    0.359012390532495	-0.000210816524583409	-4.99015895805144e-06	 1.46514622656468e-09	 2.07975858756981e-11
     5.41446348125611	    0.358575792971027	-0.000225778002606892	-4.98409039595415e-06	 1.56913593230001e-09	 2.07673878094283e-11
     5.77280851372404	    0.358109291075017	-0.000240720651301711	 -4.9776061601392e-06	 1.67297553588241e-09	 2.07438510813063e-11
     6.13067210823531	    0.357612923749555	-0.000255643224488713	-4.97070682126122e-06	 1.77669789991342e-09	 2.07105443905675e-11
     6.48802441985097	    0.357086732390451	-0.000270544477659923	-4.96339293443171e-06	 1.88026128000729e-09	  2.0679458145878e-11
     6.84483564627176	     0.35653076088077	-0.000285423168098398	-4.95566509206569e-06	 1.98366123527194e-09	 2.06457073659294e-11
     7.20107603032365	     0.35594505558718	-0.000300278054949941	-4.94752397361964e-06	 2.08689865388578e-09	 2.06132888536104e-11
     7.55671586243942	    0.355329665356021	-0.000315107899345286	-4.93897025144463e-06	 2.18997087131356e-09	 2.05746530923534e-11
     7.91172548313639	    0.354684641509324	-0.000329911464529402	-4.93000461476711e-06	 2.29284324859691e-09	 2.05413464016146e-11
     8.26607528548995	    0.354010037840496	-0.000344687515908823	-4.92062784562819e-06	 2.39554864833735e-09	 2.04947170345804e-11
     8.61973571760274	     0.35330591060982	-0.000359434821201653	-4.91084070652903e-06	 2.49804354979233e-09	 2.04547490056939e-11
     8.97267728506915	    0.352572318539736	-0.000374152150516067	-4.90064399372159e-06	 2.60030574850134e-09	 2.04178896012763e-11
      9.3248705534351	    0.351809322810034	-0.000388838276483638	-4.89003858161752e-06	  2.7023805415638e-09	  2.0365487074514e-11
     9.67628615065281	    0.351016987052682	-0.000403491974288675	 -4.8790253681652e-06	 2.80421730280977e-09	  2.0324186777998e-11
     10.0268947695304	    0.350195377346493	-0.000418112021844882	-4.86760527973473e-06	 2.90584267759186e-09	 2.02717842512357e-11
     10.3766671701759	    0.349344562211684	  -0.0004326971999075	 -4.8557792058368e-06	 3.00720159884804e-09	 2.02211580813128e-11
     10.7255741824359	    0.348464612604161	-0.000447246292108084	 -4.8435481585507e-06	 3.10829939564883e-09	 2.01740846250686e-11
     11.0735867083282	    0.347555601909549	-0.000461758085044271	-4.83091324010587e-06	 3.20918225327205e-09	  2.0116797116998e-11
     11.4206757244688	    0.346617605937043	-0.000476231368505978	-4.81787538308964e-06	 3.30976135387573e-09	 2.00617300549766e-11
     11.7668122844918	    0.345650702913245	-0.000490664935468212	-4.80443571326816e-06	  3.4100651191693e-09	 2.00035543684862e-11
     12.1119675214639	    0.344654973475441	-0.000505057582175684	-4.79059539459925e-06	 3.51009443733119e-09	 1.99462668604156e-11
     12.4561126502918	    0.343630500665026	-0.000519408108330245	-4.77635554085865e-06	 3.60982532754406e-09	 1.98863148170858e-11
     12.7992189701227	     0.34257736992047	 -0.00053371531712963	-4.76171735552811e-06	 3.70926045434317e-09	 1.98245864169166e-11
     13.1412578667377	    0.341495669070314	-0.000547978015393363	-4.74668205496798e-06	 3.80837938962486e-09	 1.97637461951672e-11
     13.4822008149388	      0.3403854883257	-0.000562195013643174	-4.73125089994753e-06	 3.90719723242228e-09	  1.9693136010801e-11
     13.8220193809268	    0.339246920272956	-0.000576365126221813	-4.71542516500278e-06	 4.00567579106337e-09	 1.96291871645826e-11
     14.1606852246737	    0.338080059865886	-0.000590487171367633	-4.69920617618413e-06	 4.10382394733233e-09	  1.9559909247846e-11
     14.4981701022854	    0.336885004417707	-0.000604559971355955	-4.68259527197645e-06	 4.20162660219603e-09	   1.948885497427e-11
     14.8344458683576	    0.335661853593133	-0.000618582352526168	-4.66559386413934e-06	 4.29908109111921e-09	 1.94173566114841e-11
     15.1694844783228	    0.334410709399889	-0.000632553145466166	-4.64820336043559e-06	 4.39618119685292e-09	 1.93431937134392e-11
     15.5032579907894	    0.333131676180326	-0.000646471185027577	-4.63042520681967e-06	 4.49290649129352e-09	 1.92723614844681e-11
     15.8357385698717	    0.331824860602627	 -0.00066033531048741	-4.61226089054634e-06	 4.58926585622521e-09	 1.91939797389296e-11
     16.1668984875114	    0.330490371652022	 -0.00067414436562083	-4.59371192862434e-06	 4.68523797536591e-09	 1.91193727516747e-11
     16.4967101257902	    0.329128320621549	-0.000687897198785579	-4.57477984117105e-06	 4.78082462507246e-09	 1.90329974003589e-11
      16.825145979233	    0.327738821102907	-0.000701592663025765	-4.55546623001624e-06	  4.8760009363491e-09	 1.89519511195613e-11
     17.1521786571016	    0.326321988976943	-0.000715229616188869	-4.53577268322292e-06	  4.9707695737311e-09	 1.88680182588996e-11
     17.4777808856793	     0.32487794240392	-0.000728806920943612	-4.51570091586362e-06	 5.06514918896528e-09	 1.87772020154853e-11
     17.8019255105453	    0.323406801813781	-0.000742323445023009	-4.49525248447102e-06	 5.15905007603124e-09	   1.870392729586e-11
     18.1245854988393	    0.321908689895991	-0.000755778061132843	-4.47442925199937e-06	 5.25258503358828e-09	 1.86135551416555e-11
     18.4457339415161	    0.320383731589386	-0.000769169647242876	-4.45323277009635e-06	 5.34562971665764e-09	   1.852629161192e-11
     18.7653440555897	    0.318832054071736	-0.000782497086507331	-4.43166496166825e-06	 5.43825606769133e-09	  1.8443468974283e-11
     19.0833891863666	    0.317253786749088	-0.000795759267423807	-4.40972759019331e-06	 5.53048007390089e-09	  1.8330892359586e-11
     19.3998428096695	    0.315649061245028	-0.000808955084011836	-4.38742237429679e-06	  5.6221516331334e-09	 1.82476256327391e-11
     19.7146785340486	    0.314018011389733	-0.000822083435748496	-4.36475130793923e-06	 5.71340841304391e-09	 1.81481496497327e-11
     20.0278701029828	    0.312360773208681	-0.000835143227743891	-4.34171619589918e-06	 5.80414649675731e-09	  1.8055335004874e-11
     20.3393913970697	    0.310677484911479	-0.000848133370893392	-4.31831896996471e-06	 5.89439430598304e-09	 1.79669612521138e-11
     20.6492164362037	    0.308968286880181	-0.000861052781771191	-4.29456172001963e-06	 5.98423888220623e-09	 1.78481673884789e-11
     20.9573193817425	    0.307233321657688	-0.000873900383010299	-4.27044620465722e-06	 6.07350436609977e-09	 1.77511338961267e-11
     21.2636745386622	     0.30547273393581	-0.000886675103086645	 -4.2459746372181e-06	 6.16230000360929e-09	 1.76545444929843e-11
     21.5682563577003	    0.303686670543219	-0.000899375876645599	-4.22114893261494e-06	 6.25056983949435e-09	 1.75521819301139e-11
      21.871039437486	    0.301875280433157	-0.000912001644507076	-4.19597115275394e-06	 6.33829166929445e-09	 1.74520398132927e-11
     22.1719985266593	    0.300038714671124	-0.000924551353697548	-4.17044348610673e-06	 6.42556585717102e-09	 1.73199232733623e-11
     22.4711085259761	    0.298177126422117	-0.000937023957561117	-4.14456799191498e-06	 6.51219256297964e-09	 1.72442060630829e-11
     22.7683444904021	    0.296290670938022	-0.000949418415941166	-4.11834686797619e-06	  6.5983662977942e-09	 1.71131997461771e-11
     23.0636816311928	    0.294379505544559	-0.000961733695214117	-4.09178224991535e-06	 6.68393962399705e-09	 1.70101710494919e-11
     23.3570953179608	    0.292443789628195	-0.000973968768229663	-4.06487644877274e-06	 6.76900580032225e-09	 1.68867142491536e-11
     23.6485610807302	    0.290483684622837	-0.000986122614676512	-4.03763159750881e-06	 6.85345291628892e-09	 1.67819091956289e-11
      23.938054611977	    0.288499353996423	-0.000998194220929836	-4.01005004757593e-06	 6.93737689516638e-09	 1.66535674139823e-11
     24.2255517686565	    0.286490963237185	  -0.0010101825802804	-3.98213397900804e-06	 7.02062941115855e-09	   1.655653392163e-11
     24.5110285742166	    0.284458679839991	 -0.00102208669287587	-3.95388592933088e-06	  7.1034165216588e-09	 1.64206426234159e-11
     24.7944612205977	    0.282402673292218	 -0.00103390556596095	-3.92530809101288e-06	 7.18554460377163e-09	 1.63051794288549e-11
     25.0758260702177	    0.280323115059728	 -0.00104563821391774	-3.89640281461823e-06	 7.26704207920648e-09	 1.61928248587628e-11
     25.3550996579439	    0.278220178572573	 -0.00105728365818572	-3.86717273759274e-06	 7.34801020030318e-09	 1.60724766828935e-11
     25.6322586930496	    0.276094039210398	  -0.0010688409276131	-3.83762004974031e-06	 7.42832639843982e-09	 1.59396940091483e-11
     25.9072800611566	    0.273944874288019	 -0.00108030905840856	-3.80774730679434e-06	 7.50803774707265e-09	 1.58051349785637e-11
     26.1801408261628	    0.271772863040466	 -0.00109168709404901	-3.77755703073746e-06	 7.58708473824754e-09	 1.56932244976815e-11
     26.4508182321549	    0.269578186608073	 -0.00110297408570308	-3.74705169559064e-06	  7.6655215508481e-09	 1.55637724930102e-11
     26.7192897053067	    0.267361028021492	 -0.00111416909202418	-3.71623395256648e-06	 7.74336195163983e-09	   1.543121186387e-11
      26.985532855761	    0.265121572186181	 -0.00112527117940033	-3.68510619708218e-06	 7.82051223779945e-09	 1.52957646548657e-11
     27.2495254794974	    0.262860005867324	 -0.00113627942195916	-3.65367117627358e-06	 7.89703680226239e-09	 1.51660906055895e-11
     27.5112455601838	    0.260576517673849	 -0.00114719290160701	-3.62193138547795e-06	 7.97287036391481e-09	 1.50310874857951e-11
     27.7706712710125	    0.258271298043124	 -0.00115801070823053	-3.58988953896855e-06	 8.04802890996825e-09	 1.49076306854568e-11
     28.0277809765208	    0.255944539224691	 -0.00116873193959716	-3.55754832703781e-06	 8.12253508897243e-09	 1.47750700563165e-11
     28.2825532343949	    0.253596435264539	 -0.00117935570161748	-3.52491043598135e-06	 8.19639289773022e-09	 1.46265222156217e-11
     28.5349667972584	    0.251227181988697	 -0.00118988110829972	-3.49197856808203e-06	 8.26954771326882e-09	  1.4489298649778e-11
     28.7850006144443	    0.248836976987034	 -0.00120030728182606	-3.45875544294216e-06	  8.3419893215364e-09	 1.43511869055146e-11
     29.0326338337504	    0.246426019596763	 -0.00121063335270341	 -3.4252439311544e-06	 8.41378833271733e-09	 1.42030831540296e-11
     29.2778458031785	    0.243994510885738	  -0.0012208584597355	 -3.3914467261198e-06	 8.48484482673939e-09	 1.40647493651613e-11
     29.5206160726567	    0.241542653635788	  -0.0012309817501962	-3.35736668910513e-06	 8.55518855757964e-09	 1.39308564683915e-11
     29.7609243957447	    0.239070652325736	  -0.0012410023798214	-3.32300665339957e-06	 8.62484039743094e-09	 1.37800881816474e-11
     29.9987507313226	    0.236578713114394	 -0.00125091951293615	-3.28836944918365e-06	  8.6937328447334e-09	 1.36446409726432e-11
      30.234075245262	    0.234067043823337	 -0.00126073232244301	 -3.2534580669541e-06	 8.76196892818371e-09	 1.34849909017021e-11
     30.4668783120803	    0.231535853919547	 -0.00127043998997973	 -3.2182753142429e-06	  8.8293932165584e-09	 1.33597577445244e-11
     30.6971405165773	    0.228985354498018	 -0.00128004170596666	-3.18282421085669e-06	 8.89616647015146e-09	 1.31952226922749e-11
     30.9248426554545	    0.226415758264085	 -0.00128953666964948	-3.14710761362136e-06	 8.96213858680994e-09	 1.30484512084195e-11
     31.1499657389165	    0.223827279515751	 -0.00129892408917371	  -3.111128559663e-06	  9.0273744035585e-09	 1.28983490554901e-11
     31.3724909922548	    0.221220134125709	 -0.00130820318162466	-3.07489007278505e-06	 9.09188013764606e-09	 1.27378108061293e-11
     31.5923998574134	    0.218594539523455	 -0.00131737317318384	-3.03839509152581e-06	 9.15557452074722e-09	 1.25961463481872e-11
     31.8096739945368	    0.215950714677089	 -0.00132643329904973	-3.00164678623815e-06	 9.21855791702342e-09	 1.24378285448756e-11
      32.024295283499	    0.213288880075052	 -0.00133538280368265	 -2.9646481070067e-06	 9.28074372907872e-09	  1.2288614570366e-11
     32.2362458254153	    0.210609257707782	 -0.00134422094065404	-2.92740225527055e-06	 9.34220079074066e-09	 1.21282983656101e-11
     32.4455079441345	    0.207912071049154	 -0.00135294697293197	 -2.8899122610504e-06	 9.40290689754875e-09	 1.19484422356209e-11
     32.6520641877133	    0.205197545037879	 -0.00136156017278809	-2.85218120810171e-06	 9.46274258950552e-09	 1.18043352870245e-11
     32.8558973298718	    0.202465906058671	  -0.0013700598219132	   -2.81421217041e-06	 9.52170520207574e-09	 1.16759935053778e-11
     33.0569903714297	     0.19971738192353	 -0.00137844521143416	-2.77600858145099e-06	 9.58003143480823e-09	 1.14972475984132e-11
     33.2553265417248	    0.196952201852535	 -0.00138671564201714	-2.73757344637637e-06	 9.63748414406496e-09	 1.13531406498169e-11
     33.4508893000107	    0.194170596454861	 -0.00139487042391741	-2.69891005233447e-06	 9.69420366203622e-09	  1.1171952252198e-11
     33.6436623368369	    0.191372797709549	 -0.00140290887713113	-2.66002149040823e-06	 9.75004654790723e-09	 1.10147446719111e-11
     33.8336295754089	    0.188559038946069	 -0.00141083033117682	-2.62091114078267e-06	 9.80511760673153e-09	 1.08406617016499e-11
     34.0207751729286	     0.18572955482497	 -0.00141863412548845	-2.58158216737137e-06	 9.85930137531454e-09	 1.07001074667323e-11
      34.205083521916	    0.182884581318194	 -0.00142631960918109	-2.54203795346797e-06	 9.91274440309553e-09	 1.05226938273972e-11
     34.3865392515103	    0.180024355689564	 -0.00143388614135102	-2.50228178533263e-06	  9.9653614249462e-09	 1.03566044629133e-11
     34.5651272287524	    0.177149116474728	 -0.00144133309097509	-2.46231683997955e-06	 1.00171209105326e-08	 1.01800790019979e-11
     34.7408325598466	    0.174259103461648	 -0.00144865983696837	-2.42214666101859e-06	 1.00680939141284e-08	 1.00031094518727e-11
     34.9136405914028	    0.171354557670114	 -0.00145586576835643	-2.38177421651997e-06	 1.01180419598279e-08	 9.86366543997974e-12
     35.0835369116582	    0.168435721332244	 -0.00146295028411744	 -2.3412034515502e-06	 1.01674237917848e-08	 9.65050261925171e-12
     35.2505073516799	    0.165502837871598	 -0.00146991279342157	-2.30043722249107e-06	 1.02156949566279e-08	 9.53026546568481e-12
     35.4145379865461	    0.162556151883524	 -0.00147675271561625	-2.25947927856573e-06	 1.02632817799986e-08	  9.3404173284739e-12
     35.5756151365074	    0.159595909114281	 -0.00148346948035603	-2.21833275659833e-06	  1.0309928466512e-08	 9.16644538051514e-12
     35.7337253681276	    0.156622356440851	 -0.00149006252739002	-2.17700131899257e-06	 1.03557722397341e-08	 8.98403573756923e-12
     35.8888554954045	    0.153635741850118	 -0.00149653130687129	 -2.1354882953073e-06	  1.0400701633273e-08	 8.82061090834441e-12
      36.040992580869	    0.150636314418401	 -0.00150287527933943	-2.09379721427538e-06	 1.04447970272759e-08	 8.64630589347826e-12
     36.1901239366643	      0.1476243242905	 -0.00150909391573604	-2.05193149649396e-06	 1.04880184537137e-08	 8.47211190091457e-12
     36.3362371256041	    0.144600022658978	 -0.00151518669739401	-2.00989471377255e-06	 1.05303916697608e-08	 8.28925816875881e-12
     36.4793199622096	    0.141563661743057	 -0.00152115311629238	-1.96769017835052e-06	 1.05718114262743e-08	 8.12272471506503e-12
     36.6193605137261	    0.138515494767802	  -0.0015269926747287	-1.92532167142545e-06	  1.0612418943623e-08	 7.94730947717426e-12
     36.7563471011179	    0.135455775942738	 -0.00153270488575727	-1.88279256252422e-06	 1.06521480525146e-08	 7.75335351477224e-12
     36.8902683000422	    0.132384760440898	 -0.00153828927302368	 -1.8401063879292e-06	 1.06909425756641e-08	 7.57838236609132e-12
     37.0211129418022	    0.129302704377345	 -0.00154374537075082	-1.79726676430292e-06	 1.07288700146313e-08	  7.3879791173681e-12
     37.1488701142783	    0.126209864787972	   -0.001549072723944	 -1.7542772634549e-06	 1.07658781889342e-08	 7.22000237374232e-12
     37.2735291628382	    0.123106499607904	 -0.00155427088826464	-1.71114145097739e-06	 1.08019633238143e-08	 7.05902003517167e-12
     37.3950796912254	    0.119992867650174	 -0.00155933943024634	 -1.6678630294642e-06	 1.08372837370752e-08	 6.84363676839439e-12
     37.5135115624264	    0.116869228583945	 -0.00156427792719467	-1.62444533269301e-06	 1.08715019209171e-08	 6.69486688309462e-12
      37.628814899516	    0.113735842913041	 -0.00156908596723285	-1.58089229107539e-06	  1.0904968705816e-08	 6.49424958254485e-12
      37.740980086481	    0.110592971954045	 -0.00157376314935268	-1.53720741091767e-06	 1.09374604928547e-08	 6.33071373101757e-12
     37.8499977690221	    0.107440877814603	 -0.00157830908351641	-1.49339429422746e-06	 1.09690501126636e-08	 6.14763795425688e-12
     37.9558588553341	    0.104279823371624	 -0.00158272339062314	-1.44945664692919e-06	 1.09997655428629e-08	 5.94424509614555e-12
     38.0585545168641	    0.101110072249222	 -0.00158700570252786	-1.40539813386908e-06	 1.10295741428956e-08	 5.74118530494161e-12
      38.158076189048	   0.0979318887967684	 -0.00159115566207252	-1.36122231031433e-06	 1.10583322499025e-08	  5.5854210145867e-12
     38.2544155720243	    0.094745538066944	 -0.00159517292315398	-1.31693309879388e-06	 1.10862787838784e-08	 5.40667510762205e-12
     38.3475646313267	   0.0915512857934932	 -0.00159905715071104	-1.27253407000705e-06	 1.11133255931151e-08	 5.20083975885655e-12
     38.4375155985539	    0.088349398369168	 -0.00160280802095836	-1.22802875324179e-06	 1.11393410051619e-08	 5.02309305261406e-12
     38.5242609720177	   0.0851401428234705	 -0.00160642522094156	 -1.1834210830175e-06	 1.11644653522092e-08	 4.83812989671151e-12
     38.6077935173685	   0.0819237868003863	 -0.00160990844901748	-1.13871479301419e-06	 1.11886804265993e-08	 4.66232608076211e-12
     38.6881062681984	   0.0787005985360089	 -0.00161325741469168	-1.09391349711885e-06	 1.12119655781839e-08	 4.46648273921824e-12
     38.7651925266227	   0.0754708468363289	 -0.00161647183872464	 -1.0490209668701e-06	 1.12343041536178e-08	  4.2845726966334e-12
     38.8390458638379	   0.0722348010546188	 -0.00161955145295434	-1.00404098202223e-06	 1.12557134723801e-08	  4.0948910928762e-12
     38.9096601206584	   0.0689927310690897	 -0.00162249600066898	-9.58977206866329e-07	 1.12762017501211e-08	 3.89077658979886e-12
     38.9770294080297	   0.0657449072603961	  -0.0016253052361705	-9.13833456017699e-07	 1.12956556330701e-08	 3.73362452066317e-12
     39.0411481075199	   0.0624916004889773	 -0.00162797892526847	-8.68613559190656e-07	 1.13143419078199e-08	 3.49631434914954e-12
     39.1020108717878	   0.0592330820726118	 -0.00163051684493222	-8.23321166465441e-07	 1.13319127414968e-08	 3.34360317211235e-12
     39.1596126250296	   0.0559696237636164	 -0.00163291878351947	 -7.7796007069697e-07	 1.13485416619596e-08	 3.17523785042795e-12
     39.2139485634014	   0.0527014977264055	 -0.00163518454072985	-7.32534155556408e-07	 1.13643399135555e-08	 2.95580226961079e-12
     39.2650141554202	    0.049428976514617	 -0.00163731392759982	-6.87047159941834e-07	 1.13791337463809e-08	 2.77733391840229e-12
     39.3128051423419	   0.0461523330483614	  -0.0016393067665042	-6.41502853282461e-07	 1.13929816691893e-08	 2.58948418263572e-12
     39.3573175385165	    0.042871840591667	 -0.00164116289127957	-5.95905102263039e-07	 1.14059306444148e-08	 2.38598030222192e-12
     39.3985476317201	   0.0395877727294536	 -0.00164288214714246	-5.50257587939029e-07	 1.14178662080633e-08	 2.20173879128538e-12
     39.4364919834649	   0.0363004033448763	 -0.00164446439069217	-5.04564195646928e-07	 1.14288736252632e-08	 2.00511829362426e-12
     39.4711474292858	   0.0330100065964268	 -0.00164590948998617	-4.58828701255243e-07	 1.14389029359785e-08	 1.81524240083775e-12
     39.5025110790042	   0.0297168568950385	 -0.00164721732452006	-4.13054935866075e-07	 1.14479816737401e-08	 1.62683755355886e-12
     39.5305803169694	   0.0264212288812515	 -0.00164838778516937	-3.67246740962113e-07	 1.14561153896631e-08	  1.4336865028497e-12
     39.5553528022763	   0.0231233974023187	 -0.00164942077436293	-3.21407906483939e-07	 1.14632494052636e-08	 1.26512689213598e-12
     39.5768264689609	   0.0198236374891976	  -0.0016503162059349	-2.75542289041031e-07	 1.14695123398789e-08	 1.04813380197299e-12
     39.5949995261724	   0.0165222243337508	 -0.00165107400524661	-2.29653686761866e-07	 1.14747540080895e-08	 8.79823991439821e-13
     39.6098704583229	   0.0132194332656124	 -0.00165169410898457	-1.83746015222641e-07	 1.14791517957791e-08	 6.48731068864095e-13
     39.6214380252133	  0.00991553972944796	 -0.00165217646563202	-1.37822832660395e-07	 1.14824295766036e-08	 4.75119943388336e-13
     39.6297012621372	  0.00661081926178014	 -0.00165252103480155	 -9.1888233029469e-08	   1.148478127877e-08	 3.07042585800943e-13
      39.634659479961	  0.00330554746813828	 -0.00165272778774254	-4.59461086330104e-08	 1.14863162974099e-08	 8.15025130718183e-14
     39.6363122651817	                    0	  -0.0126147829192569	                    0	                    0	                    0
0.361967708819834
0.361967708819809
0.361967708819822
0.361967708819825
0.361967708819822
 0.36196770881981
0.361967708819824
0.361967708819826
0.361967708819825
0.361967708819806
0.361967708819823
0.361967708819825
0.361967708819826
0.361967708819804
0.361967708819826
0.361967708819822
0.361967708819829
0.361967708819806
0.361967708819822
0.361967708819829
0.361967708819823
0.361967708819805
0.361967708819824
0.361967708819825
0.361967708819808
0.361967708819823
0.361967708819826
0.361967708819825
0.361967708819808
0.361967708819822
0.361967708819825
0.361967708819819
0.361967708819822
0.361967708819817
0.361967708819823
0.361967708819817
0.361967708819816
0.361967708819824
0.361967708819824
0.361967708819815
0.361967708819817
0.361967708819823
0.361967708819817
0.361967708819824
0.361967708819817
0.361967708819826
0.361967708819814
0.361967708819825
0.361967708819816
0.361967708819824
0.361967708819815
0.361967708819817
0.361967708819822
0.361967708819826
0.361967708819815
0.361967708819817
0.361967708819824
0.361967708819825
0.361967708819806
0.361967708819825
0.361967708819824
0.361967708819815
0.361967708819825
0.361967708819815
0.361967708819825
0.361967708819825
0.361967708819816
0.361967708819815
0.361967708819825
0.361967708819824
0.361967708819807
0.361967708819824
0.361967708819825
0.361967708819816
0.361967708819816
0.361967708819825
0.361967708819824
0.361967708819816
0.361967708819816
0.361967708819825
0.361967708819824
0.361967708819816
0.361967708819816
0.361967708819824
0.361967708819824
0.361967708819807
0.361967708819824
0.361967708819825
0.361967708819816
0.361967708819816
0.361967708819825
0.361967708819824
0.361967708819815
0.361967708819817
0.361967708819824
0.361967708819824
0.361967708819817
0.361967708819815
0.361967708819824
0.361967708819825
0.361967708819816
0.361967708819816
0.361967708819823
0.361967708819816
0.361967708819815
0.361967708819825
0.361967708819826
0.361967708819815
0.361967708819815
0.361967708819825
0.361967708819816
0.361967708819824
0.361967708819814
0.361967708819827
0.361967708819815
0.361967708819825
0.361967708819825
0.361967708819806
0.361967708819826
0.361967708819817
0.361967708819822
0.361967708819816
0.361967708819827
0.361967708819816
0.361967708819822
0.361967708819828
0.361967708819813
0.361967708819827
0.361967708819813
0.361967708819827
0.361967708819813
0.361967708819823
0.361967708819814
0.361967708819828
0.361967708819814
0.361967708819823
0.361967708819819
0.361967708819826
0.361967708819814
0.361967708819825
0.361967708819805
0.361967708819825
0.361967708819813
0.361967708819831
0.361967708819811
0.361967708819826
0.361967708819815
0.361967708819825
0.361967708819815
0.361967708819825
0.361967708819817
0.361967708819821
 0.36196770881982
0.361967708819824
0.361967708819816
0.361967708819824
0.361967708819815
0.361967708819823
0.361967708819815
0.361967708819825
0.361967708819816
0.361967708819823
0.361967708819816
0.361967708819828
0.361967708819814
0.361967708819825
0.361967708819817
0.361967708819824
0.361967708819815
0.361967708819825
0.361967708819819
0.361967708819815
0.361967708819811
0.361967708819827
 0.36196770881982
0.361967708819824
 0.36196770881981
0.361967708819824
0.361967708819818
0.361967708819825
 0.36196770881982
0.361967708819821
0.361967708819817
0.361967708819818
0.361967708819822
 0.36196770881982
0.361967708819816
0.361967708819826
0.361967708819818
0.361967708819825
0.361967708819815
0.361967708819823
0.361967708819817
0.361967708819824
0.361967708819814
0.361967708819827
0.361967708819814
0.361967708819827
0.361967708819815
0.361967708819825
0.361967708819815
0.361967708819827
0.361967708819814
0.361967708819814
0.361967708819815
0.361967708819827
0.361967708819815
0.361967708819825
0.361967708819815
0.361967708819824
0.361967708819817
0.361967708819824
0.361967708819814
0.361967708819824
0.361967708819818
0.361967708819824
0.361967708819817
0.361967708819821
0.361967708819816
0.361967708819823
0.361967708819827
0.361967708819806
0.361967708819825
0.361967708819825
0.361967708819824
0.361967708819807
0.361967708819825
0.361967708819824
0.361967708819825
0.361967708819806
0.361967708819825
0.361967708819824
0.361967708819825
0.361967708819823
0.361967708819808
0.361967708819807
0.361967708819825
0.361967708819825
0.361967708819824
0.361967708819807
0.361967708819825
0.361967708819824
0.361967708819825
0.361967708819807
0.361967708819825
0.361967708819824
0.361967708819825
0.361967708819807
0.361967708819824
0.361967708819825
